1802,223,2,18,0.989,30.0,2
593,270,1,21,0.989,30.0,2
1503,152,1,17,0.989,30.0,2
1900,195,1,12,0.989,22.5,2
1338,303,1,14,0.989,22.5,2
1597,492,1,25,0.989,22.5,2
862,237,1,15,0.989,30.0,2
1437,127,1,14,0.989,30.0,2
1939,207,1,19,0.989,22.5,2
1804,177,1,15,0.989,30.0,2
1875,208,1,16,0.989,22.5,2
833,241,1,16,0.989,22.5,2
661,191,1,15,0.989,30.0,2
1457,252,1,19,0.989,30.0,2
1877,182,1,13,0.989,30.0,2
1906,210,1,11,0.989,30.0,2
1874,170,1,14,0.989,30.0,2
1573,164,1,13,0.989,30.0,2
1567,139,1,13,0.989,30.0,2
1419,127,1,20,0.989,22.5,2
1549,193,1,20,0.989,30.0,2
1585,277,1,19,0.989,22.5,2
1939,178,1,15,0.989,30.0,2
975,202,1,21,0.989,30.0,2
705,223,1,11,0.989,30.0,2
1605,165,1,18,0.989,30.0,2
1986,270,1,16,0.989,30.0,2
1497,234,1,13,0.989,22.5,2
1507,203,1,11,0.989,30.0,2
1934,175,1,15,0.989,30.0,2
1522,235,1,15,0.989,30.0,2
1903,169,1,23,0.989,30.0,2
1879,255,1,18,0.989,30.0,2
1426,148,1,11,0.989,22.5,2
1476,128,1,16,0.989,30.0,2
1897,171,1,7,0.989,30.0,2
1532,156,1,19,0.989,30.0,2
1287,100,1,20,0.989,30.0,2
1902,222,1,13,0.989,22.5,2
1471,130,1,17,0.989,30.0,2
1915,192,1,13,0.989,30.0,2
1450,105,1,13,0.989,30.0,2
1187,255,1,12,0.989,30.0,2
1560,141,1,18,0.989,30.0,2
1183,112,1,13,0.989,29.667,2
1518,127,1,16,0.989,30.0,2
1376,102,1,13,0.989,30.0,2
483,197,1,18,0.989,30.0,2
1385,147,1,15,0.989,30.0,2
1855,203,1,18,0.989,29.667,2
1578,161,1,17,0.989,30.0,2
1320,143,1,15,0.987,25.0,2
1089,223,1,17,0.989,30.0,2
1499,173,1,15,0.989,30.0,2
1371,120,1,17,0.989,30.0,2
1580,155,1,12,0.989,30.0,2
857,248,2,11,0.989,30.0,2
1571,169,1,16,0.989,30.0,2
1493,478,1,13,0.989,30.0,2
1490,135,1,21,0.989,30.0,2
1971,248,1,17,0.989,22.5,2
1521,139,1,19,0.989,30.0,2
1801,209,1,17,0.989,30.0,2
1898,180,1,11,0.989,30.0,2
1944,210,1,17,0.989,30.0,2
805,255,1,12,0.989,30.0,2
623,248,1,17,0.989,30.0,2
1848,196,1,18,0.989,30.0,2
1381,121,1,18,0.989,22.5,2
1781,151,1,18,0.989,30.0,2
1345,107,1,18,0.989,22.5,2
1687,535,1,10,0.989,30.0,2
1636,563,1,23,0.989,30.0,2
1515,157,1,14,0.989,22.5,2
1402,155,1,18,0.989,30.0,2
1407,117,2,19,0.989,22.5,2
1348,135,1,22,0.989,22.5,2
1431,204,1,18,0.989,22.5,2
1945,156,1,12,0.989,22.5,2
774,220,1,12,0.989,30.0,2
709,221,1,18,0.989,30.0,2
1337,247,1,19,0.989,30.0,2
1347,119,1,18,0.989,30.0,2
1548,165,1,19,0.989,30.0,2
1505,136,1,16,0.989,22.5,2
715,266,1,14,0.989,30.0,2
1262,238,1,14,0.989,30.0,2
1398,130,1,18,0.989,30.0,2
454,55,1,10,0.989,30.0,2
1854,183,1,19,0.989,30.0,2
1512,303,1,15,0.989,30.0,2
1561,153,1,15,0.989,29.667,2
1368,133,1,19,0.989,22.5,2
1527,160,1,19,0.989,30.0,2
1323,143,1,20,0.989,22.5,2
1394,158,2,14,0.989,30.0,2
1783,157,1,23,0.989,22.5,2
1455,152,1,15,0.989,30.0,2
844,267,1,28,0.989,30.0,2
1534,151,1,14,0.989,30.0,2
1499,556,1,16,0.989,22.5,2
1518,192,1,18,0.989,30.0,2
1509,144,2,16,0.989,22.5,2
1241,104,1,13,0.989,30.0,2
1447,135,1,13,0.989,30.0,2
1192,129,1,11,0.989,30.0,2
1275,217,1,12,0.989,30.0,2
1720,253,1,9,0.989,30.0,2
645,272,1,14,0.989,30.0,2
1633,291,1,12,0.989,30.0,2
1621,216,1,15,0.989,22.5,2
482,240,1,18,0.989,30.0,2
601,246,2,24,0.989,22.5,2
675,253,1,12,0.989,30.0,2
665,210,1,11,0.989,30.0,2
1636,144,1,18,0.989,30.0,2
1488,133,1,21,0.989,30.0,2
1512,150,1,9,0.989,30.0,2
745,286,1,8,0.989,30.0,2
1555,185,1,15,0.989,30.0,2
1538,565,2,16,0.989,22.5,2
1556,136,1,20,0.989,30.0,2
1290,233,2,17,0.989,22.5,2
1467,235,1,17,0.989,30.0,2
1902,232,1,11,0.989,30.0,2
1301,126,1,18,0.989,22.5,2
1403,109,1,12,0.989,30.0,2
1345,119,1,11,0.989,30.0,2
1554,295,1,19,0.989,30.0,2
1530,259,1,13,0.989,22.5,2
1714,539,1,12,0.989,30.0,2
1930,237,1,18,0.989,22.5,2
1533,117,1,17,0.989,30.0,2
1581,138,1,17,0.989,30.0,2
1884,310,2,23,0.989,30.0,2
1908,197,1,17,0.989,30.0,2
669,230,2,18,0.989,30.0,2
1428,175,2,11,0.989,30.0,2
1862,186,2,20,0.989,30.0,2
1454,159,1,18,0.989,30.0,2
1444,135,2,20,0.989,30.0,2
1928,172,1,16,0.989,22.5,2
484,236,1,10,0.989,22.5,2
1919,147,1,11,0.989,30.0,2
1547,153,1,16,0.989,30.0,2
900,241,1,14,0.989,30.0,2
1869,165,1,16,0.989,30.0,2
1550,191,1,16,0.989,30.0,2
1372,119,1,23,0.989,22.5,2
1517,148,1,15,0.989,30.0,2
1559,148,1,19,0.989,29.667,2
1464,250,1,16,0.989,22.5,2
1576,179,1,19,0.989,30.0,2
1597,158,1,24,0.989,30.0,2
1533,205,1,13,0.989,30.0,2
1470,271,1,10,0.989,22.5,2
1566,134,1,17,0.989,22.5,2
1932,195,1,15,0.989,30.0,2
1552,168,1,10,0.989,22.5,2
1360,131,1,14,0.989,30.0,2
1373,159,1,15,0.989,30.0,2
1023,227,2,17,0.989,30.0,2
520,229,1,17,0.989,22.5,2
1483,280,1,11,0.989,30.0,2
1940,215,1,10,0.989,30.0,2
664,246,1,20,0.989,30.0,2
1557,129,1,17,0.989,30.0,2
1931,179,1,18,0.989,30.0,2
1918,154,1,27,0.989,30.0,2
1760,152,1,18,0.989,30.0,2
1433,112,1,16,0.989,30.0,2
1342,140,1,19,0.989,22.5,2
1399,233,1,18,0.989,30.0,2
1484,185,1,18,0.989,30.0,2
1475,169,1,19,0.989,30.0,2
731,211,1,17,0.989,30.0,2
739,229,1,18,0.989,30.0,2
1424,123,1,11,0.989,22.5,2
1140,192,1,18,0.989,30.0,2
1338,117,1,15,0.989,30.0,2
1545,149,1,21,0.989,30.0,2
1662,212,1,11,0.989,22.5,2
1821,168,1,15,0.989,30.0,2
1624,191,1,11,0.989,22.5,2
1293,129,1,17,0.989,30.0,2
1486,242,1,13,0.989,30.0,2
1423,132,1,10,0.989,30.0,2
1439,523,1,11,0.989,30.0,2
1214,131,1,15,0.989,22.5,2
1606,211,1,12,0.989,30.0,2
1866,198,1,14,0.989,30.0,2
1479,188,1,20,0.989,30.0,2
1848,180,1,17,0.989,30.0,2
1347,118,1,16,0.989,30.0,2
643,238,1,15,0.989,30.0,2
1504,153,1,19,0.989,22.5,2
1896,391,1,19,0.989,30.0,2
1513,151,1,17,0.989,30.0,2
1504,139,1,16,0.989,30.0,2
1824,174,1,17,0.989,22.5,2
641,227,1,17,0.989,30.0,2
1423,142,1,14,0.989,30.0,2
717,275,2,24,0.989,30.0,2
1342,114,1,17,0.989,30.0,2
1368,121,1,16,0.989,30.0,2
1532,400,1,14,0.989,30.0,2
1520,94,1,19,0.989,30.0,2
1948,183,1,21,0.989,30.0,2
1928,181,1,23,0.989,30.0,2
1509,199,1,17,0.989,22.5,2
1793,202,1,18,0.989,30.0,2
1195,240,1,17,0.989,30.0,2
1562,155,1,9,0.989,30.0,2
416,185,1,12,0.989,30.0,2
1833,195,1,14,0.989,30.0,2
1727,178,1,9,0.989,30.0,2
1915,160,1,17,0.989,22.5,2
1539,173,1,16,0.989,30.0,2
1938,170,1,14,0.989,30.0,2
1526,158,1,12,0.989,30.0,2
1421,160,1,19,0.989,30.0,2
1865,172,1,14,0.989,30.0,2
1583,189,1,18,0.989,30.0,2
1670,541,1,16,0.989,30.0,2
1620,171,1,15,0.989,22.5,2
1839,156,1,24,0.989,30.0,2
750,258,1,19,0.989,30.0,2
1622,550,1,22,0.989,30.0,2
1511,182,1,21,0.989,30.0,2
1355,131,1,19,0.989,30.0,2
1543,162,1,10,0.989,22.5,2
1608,153,1,20,0.989,30.0,2
1520,129,1,23,0.989,30.0,2
1396,153,1,18,0.989,30.0,2
1905,159,1,8,0.989,30.0,2
1398,131,1,18,0.989,22.5,2
1381,127,1,16,0.989,30.0,2
1939,238,1,16,0.989,22.5,2
1290,133,1,19,0.989,30.0,2
1424,142,1,19,0.989,22.5,2
1512,129,1,10,0.989,30.0,2
787,262,1,24,0.989,30.0,2
1714,222,1,21,0.989,30.0,2
1909,158,1,18,0.989,22.5,2
1531,181,1,18,0.989,22.5,2
1374,134,1,22,0.989,22.5,2
678,194,1,15,0.989,22.5,2
1589,141,1,18,0.989,22.5,2
1409,240,1,15,0.989,30.0,2
1565,131,1,15,0.989,30.0,2
1544,161,1,18,0.989,30.0,2
1481,161,1,18,0.989,22.5,2
584,261,1,15,0.989,30.0,2
575,285,1,14,0.989,30.0,2
1351,274,1,13,0.989,30.0,2
1915,328,1,22,0.989,30.0,2
1123,109,1,10,0.989,22.5,2
1456,128,1,17,0.989,30.0,2
1521,130,1,18,0.989,22.5,2
722,207,1,18,0.989,22.5,2
1827,225,1,17,0.989,30.0,2
1425,149,1,20,0.989,30.0,2
734,263,1,13,0.989,30.0,2
758,58,2,17,0.989,30.0,2
1983,300,1,10,0.989,30.0,2
1525,143,1,12,0.989,30.0,2
1866,198,1,17,0.989,30.0,2
1918,206,1,17,0.989,30.0,2
1242,386,1,16,0.989,30.0,2
1534,113,1,15,0.989,30.0,2
1489,212,1,22,0.989,30.0,2
774,222,1,11,0.989,22.5,2
1893,182,1,14,0.989,30.0,2
1934,177,1,20,0.989,30.0,2
1967,163,1,14,0.989,30.0,2
968,114,1,17,0.989,30.0,2
1597,143,1,20,0.989,30.0,2
1864,188,1,9,0.989,30.0,2
1276,295,1,18,0.989,30.0,2
1583,144,1,15,0.989,22.5,2
1576,153,1,16,0.989,22.5,2
1815,223,1,13,0.989,30.0,2
816,241,1,18,0.989,22.5,2
1176,703,1,15,0.989,30.0,2
1472,174,1,17,0.989,30.0,2
1102,96,1,20,0.989,30.0,2
1382,133,1,19,0.989,30.0,2
1469,145,1,18,0.989,30.0,2
1928,221,1,14,0.989,30.0,2
1518,153,1,18,0.989,30.0,2
1522,162,1,13,0.989,30.0,2
551,253,1,9,0.989,30.0,2
1388,690,1,14,0.989,22.5,2
1323,417,1,23,0.989,30.0,2
1521,153,1,16,0.989,22.5,2
602,229,1,22,0.989,30.0,2
1344,131,1,17,0.989,30.0,2
680,208,1,18,0.989,30.0,2
552,194,1,12,0.989,30.0,2
835,272,1,22,0.989,30.0,2
1481,139,1,21,0.989,30.0,2
1935,170,1,18,0.989,22.5,2
1804,220,1,15,0.989,30.0,2
1608,222,1,12,0.989,30.0,2
1895,182,1,16,0.989,22.5,2
1741,187,1,16,0.989,30.0,2
1579,158,1,21,0.989,30.0,2
1515,131,1,16,0.989,30.0,2
1527,137,1,18,0.989,30.0,2
1257,220,1,14,0.989,30.0,2
1420,153,1,12,0.989,30.0,2
1567,142,1,18,0.989,30.0,2
1916,183,2,12,0.989,30.0,2
1357,115,1,25,0.989,22.5,2
1539,138,1,23,0.989,22.5,2
1950,213,1,12,0.989,30.0,2
1862,290,1,12,0.989,30.0,2
1555,156,1,16,0.989,22.5,2
1871,161,1,18,0.989,30.0,2
547,278,1,16,0.989,30.0,2
1874,230,1,12,0.989,22.5,2
1819,169,1,18,0.989,30.0,2
1451,105,1,17,0.989,30.0,2
451,271,1,14,0.989,30.0,2
1636,614,1,19,0.989,30.0,2
1890,218,1,13,0.989,30.0,2
1443,193,1,16,0.989,30.0,2
1974,248,1,12,0.989,30.0,2
918,248,2,13,0.989,30.0,2
831,263,1,18,0.989,30.0,2
1553,146,1,12,0.989,30.0,2
676,224,1,16,0.989,30.0,2
1440,207,1,17,0.989,30.0,2
1481,111,1,11,0.989,30.0,2
782,296,1,13,0.989,30.0,2
770,247,1,23,0.989,30.0,2
1479,143,1,12,0.989,30.0,2
1682,514,1,15,0.989,22.5,2
1510,269,1,18,0.989,30.0,2
1265,263,1,18,0.989,30.0,2
466,260,1,20,0.989,30.0,2
1541,150,1,17,0.989,30.0,2
1526,171,1,17,0.989,30.0,2
1561,168,1,18,0.989,30.0,2
1409,149,1,15,0.989,22.5,2
1915,183,1,15,0.989,30.0,2
1421,156,1,12,0.989,30.0,2
1582,173,1,22,0.989,22.5,2
1549,151,1,13,0.989,30.0,2
1852,210,1,18,0.989,22.5,2
1556,302,1,14,0.989,30.0,2
1425,120,1,13,0.989,30.0,2
1984,280,1,14,0.989,30.0,2
1552,111,1,16,0.989,30.0,2
1942,278,1,20,0.989,30.0,2
1530,175,1,16,0.989,22.5,2
622,228,1,13,0.989,30.0,2
1565,186,1,16,0.989,30.0,2
1842,181,1,13,0.989,22.5,2
1643,174,1,17,0.989,30.0,2
1915,171,1,14,0.989,22.5,2
1832,179,2,16,0.989,22.5,2
1487,261,1,18,0.989,22.5,2
841,123,1,15,0.989,30.0,2
1464,404,1,21,0.989,30.0,2
1570,169,1,26,0.989,30.0,2
1584,174,1,16,0.989,30.0,2
579,223,1,15,0.989,30.0,2
1543,251,1,17,0.989,22.5,2
1386,113,1,13,0.989,22.5,2
1100,107,1,13,0.989,30.0,2
1896,188,1,10,0.989,30.0,2
648,263,1,11,0.989,30.0,2
547,276,1,12,0.989,22.5,2
1491,157,1,14,0.989,22.5,2
1569,140,1,18,0.989,30.0,2
1512,157,1,17,0.989,30.0,2
1514,154,1,20,0.989,30.0,2
1529,124,1,15,0.989,30.0,2
1438,141,1,16,0.989,22.5,2
1657,321,1,17,0.989,30.0,2
1511,146,1,22,0.989,30.0,2
434,202,1,14,0.989,22.5,2
1345,124,1,22,0.989,30.0,2
1475,260,1,21,0.989,30.0,2
598,233,1,19,0.989,22.5,2
1543,164,1,18,0.989,22.5,2
1807,199,1,17,0.989,29.667,2
1886,507,1,11,0.989,30.0,2
1612,138,1,18,0.989,30.0,2
1547,142,1,14,0.989,22.5,2
1436,127,1,14,0.989,30.0,2
1940,166,1,16,0.989,30.0,2
813,242,1,19,0.989,30.0,2
1539,183,1,15,0.989,22.5,2
1445,139,1,13,0.989,22.5,2
873,287,1,11,0.989,30.0,2
702,277,1,15,0.989,30.0,2
1857,208,1,21,0.989,22.5,2
1438,245,1,14,0.989,30.0,2
1595,149,2,18,0.989,22.5,2
1430,142,1,12,0.989,30.0,2
1965,213,1,17,0.989,30.0,2
1910,162,1,13,0.989,30.0,2
1560,242,1,12,0.989,30.0,2
413,210,1,18,0.989,30.0,2
1907,192,1,13,0.989,30.0,2
1865,282,1,14,0.989,30.0,2
1979,292,1,9,0.989,30.0,2
1765,516,1,20,0.989,30.0,2
1772,281,1,21,0.989,30.0,2
642,238,1,20,0.989,30.0,2
1555,263,1,15,0.989,30.0,2
1538,252,1,15,0.989,30.0,2
1392,150,1,18,0.989,30.0,2
1379,122,1,15,0.989,30.0,2
1584,141,1,17,0.989,22.5,2
1907,185,1,21,0.989,30.0,2
1410,121,1,18,0.989,30.0,2
1541,127,1,20,0.989,30.0,2
1563,204,1,18,0.989,30.0,2
597,234,1,12,0.989,30.0,2
1581,199,2,15,0.989,30.0,2
1635,343,1,15,0.989,30.0,2
1915,178,1,19,0.989,30.0,2
525,232,1,16,0.989,22.5,2
781,223,1,14,0.989,30.0,2
1874,183,1,16,0.989,30.0,2
1923,546,1,16,0.989,30.0,2
1585,154,1,16,0.989,30.0,2
1865,227,1,18,0.989,30.0,2
1440,150,1,20,0.989,30.0,2
871,214,1,20,0.989,30.0,2
1503,140,1,19,0.989,30.0,2
1820,212,1,17,0.989,30.0,2
878,159,1,22,0.989,22.5,2
1462,285,1,16,0.989,22.5,2
1254,155,1,19,0.989,22.5,2
1715,185,1,18,0.989,30.0,2
1486,171,1,14,0.989,30.0,2
1969,234,1,20,0.989,30.0,2
1300,302,1,17,0.989,30.0,2
1846,197,1,19,0.989,30.0,2
1874,173,1,12,0.989,30.0,2
1377,130,1,13,0.989,30.0,2
1514,148,1,20,0.989,30.0,2
1857,184,1,20,0.989,22.5,2
1817,215,1,15,0.989,30.0,2
1585,146,1,9,0.989,22.5,2
1462,149,2,21,0.989,30.0,2
1864,152,1,16,0.989,30.0,2
1869,187,1,19,0.989,30.0,2
1889,216,2,14,0.989,30.0,2
1423,124,1,11,0.989,30.0,2
931,239,1,16,0.989,30.0,2
656,200,1,11,0.989,30.0,2
821,265,1,13,0.989,22.5,2
1865,195,1,17,0.989,30.0,2
1410,132,1,18,0.989,30.0,2
800,252,1,21,0.989,22.5,2
1486,198,1,21,0.989,30.0,2
1359,252,1,18,0.989,22.5,2
1495,131,1,16,0.989,29.667,2
1334,127,1,18,0.989,30.0,2
1930,179,1,16,0.989,30.0,2
1599,156,1,16,0.989,30.0,2
1313,118,1,13,0.989,30.0,2
1542,136,1,14,0.989,30.0,2
567,231,1,20,0.989,30.0,2
977,251,1,16,0.989,30.0,2
1900,171,1,18,0.989,30.0,2
1583,164,1,13,0.989,29.667,2
1463,136,1,16,0.989,30.0,2
1418,128,2,12,0.989,22.5,2
1443,135,1,14,0.989,30.0,2
1528,171,1,20,0.989,30.0,2
1357,148,1,19,0.989,30.0,2
1612,391,1,16,0.989,30.0,2
769,275,1,17,0.989,30.0,2
1390,128,1,18,0.989,30.0,2
1424,109,1,25,0.989,22.5,2
1806,181,1,14,0.989,30.0,2
1327,104,1,13,0.989,30.0,2
1710,188,1,15,0.989,22.5,2
1475,156,1,9,0.989,30.0,2
1579,147,1,13,0.989,30.0,2
751,271,1,18,0.989,30.0,2
1577,273,1,14,0.989,30.0,2
656,222,1,20,0.989,30.0,2
594,207,1,22,0.989,30.0,2
1898,210,1,12,0.989,30.0,2
1541,154,1,16,0.989,22.5,2
1890,228,2,17,0.989,30.0,2
1470,117,1,11,0.989,30.0,2
1676,759,1,21,0.989,30.0,2
1441,141,1,25,0.989,30.0,2
1128,131,1,12,0.989,22.5,2
1499,193,1,14,0.989,30.0,2
1462,190,1,19,0.989,30.0,2
578,215,1,12,0.989,22.5,2
1574,155,1,19,0.989,22.5,2
1405,157,1,14,0.989,22.5,2
1218,114,1,21,0.989,30.0,2
1886,216,1,12,0.989,22.5,2
1415,281,1,23,0.989,30.0,2
1544,313,1,21,0.989,30.0,2
1170,98,1,20,0.989,30.0,2
1513,133,1,14,0.989,22.5,2
1394,286,1,14,0.989,30.0,2
1757,211,1,17,0.989,30.0,2
1523,132,1,17,0.989,30.0,2
1602,285,1,19,0.989,30.0,2
1420,147,1,18,0.989,30.0,2
1397,154,1,12,0.989,29.667,2
1706,168,1,19,0.989,30.0,2
1787,240,2,13,0.989,30.0,2
1499,129,2,18,0.989,30.0,2
1356,240,1,13,0.989,22.5,2
1427,147,2,16,0.989,22.5,2
1373,232,1,18,0.989,30.0,2
596,255,1,20,0.989,30.0,2
1638,166,1,8,0.989,30.0,2
1454,158,1,11,0.989,30.0,2
1718,490,2,18,0.989,30.0,2
1860,210,1,12,0.989,22.5,2
1675,206,1,21,0.989,22.5,2
1854,193,1,14,0.989,29.667,2
1497,136,1,9,0.989,30.0,2
603,276,1,15,0.989,30.0,2
579,237,1,12,0.989,30.0,2
1516,161,1,12,0.989,30.0,2
1953,233,1,10,0.989,22.5,2
1523,142,1,22,0.989,30.0,2
1549,166,1,19,0.989,22.5,2
1902,187,1,20,0.989,30.0,2
1403,144,1,14,0.989,22.5,2
1598,492,2,26,0.989,22.5,2
270,42,1,12,0.989,30.0,2
712,252,1,15,0.989,30.0,2
1927,175,1,18,0.989,30.0,2
1455,150,1,16,0.989,30.0,2
1665,165,1,13,0.989,30.0,2
528,239,1,17,0.989,30.0,2
1643,160,1,15,0.989,30.0,2
1608,128,1,20,0.989,30.0,2
1436,143,1,22,0.989,30.0,2
1412,117,1,18,0.989,30.0,2
748,244,1,14,0.989,30.0,2
1885,175,1,15,0.989,30.0,2
1564,135,1,16,0.989,22.5,2
1946,164,1,22,0.989,30.0,2
1587,119,2,15,0.989,30.0,2
1630,187,1,10,0.989,30.0,2
1005,279,1,21,0.989,30.0,2
1179,220,1,14,0.989,30.0,2
516,274,1,20,0.989,30.0,2
1530,158,1,16,0.989,30.0,2
1908,224,1,17,0.989,30.0,2
855,308,1,14,0.989,30.0,2
1550,292,1,15,0.989,30.0,2
1577,130,1,20,0.989,22.5,2
1920,164,1,20,0.989,22.5,2
1887,220,1,16,0.989,30.0,2
1777,220,1,23,0.989,22.5,2
1791,210,1,20,0.989,22.5,2
1879,165,1,19,0.989,30.0,2
1589,137,1,10,0.989,30.0,2
1511,150,1,19,0.989,30.0,2
1324,215,1,21,0.989,30.0,2
1927,182,1,13,0.989,30.0,2
499,221,1,12,0.989,30.0,2
1547,248,1,20,0.989,30.0,2
1222,143,1,17,0.989,30.0,2
1189,113,2,15,0.989,30.0,2
653,273,1,10,0.989,30.0,2
885,255,1,17,0.989,30.0,2
1470,180,1,12,0.989,30.0,2
1900,318,1,19,0.989,30.0,2
1405,150,1,11,0.989,30.0,2
1450,132,1,16,0.989,30.0,2
1726,192,1,14,0.989,30.0,2
1675,276,1,16,0.989,30.0,2
1570,496,1,21,0.989,22.5,2
1748,164,1,17,0.989,22.5,2
1820,218,1,17,0.989,30.0,2
1489,144,1,16,0.989,30.0,2
1861,190,1,16,0.989,30.0,2
1415,169,1,24,0.989,30.0,2
1430,130,1,14,0.989,30.0,2
1873,218,1,18,0.989,22.5,2
889,273,1,26,0.989,30.0,2
1577,183,1,14,0.989,30.0,2
1555,157,1,12,0.989,30.0,2
1527,174,1,15,0.989,30.0,2
1042,228,1,16,0.989,22.5,2
658,226,1,19,0.989,30.0,2
1036,95,1,17,0.989,30.0,2
1564,132,1,17,0.989,22.5,2
1640,257,1,18,0.989,30.0,2
1662,357,1,20,0.989,30.0,2
1445,157,1,22,0.989,30.0,2
1490,151,1,19,0.989,22.5,2
1530,171,1,13,0.989,30.0,2
1484,148,1,20,0.989,30.0,2
1871,158,1,24,0.989,30.0,2
1890,191,1,21,0.989,30.0,2
1881,188,1,25,0.989,30.0,2
1855,176,1,14,0.989,30.0,2
1922,190,1,18,0.989,30.0,2
816,268,1,16,0.989,30.0,2
1447,163,1,16,0.989,30.0,2
1458,157,1,17,0.989,22.5,2
1926,162,1,15,0.989,30.0,2
1592,201,1,18,0.989,22.5,2
1883,195,1,14,0.989,30.0,2
1516,149,1,13,0.989,30.0,2
1347,276,1,13,0.989,22.5,2
1520,478,1,14,0.989,30.0,2
1770,191,1,14,0.989,30.0,2
1457,121,1,12,0.989,22.5,2
1863,191,1,18,0.989,30.0,2
1908,177,2,9,0.989,30.0,2
1929,200,1,15,0.989,22.5,2
1495,144,1,15,0.989,30.0,2
1390,156,1,24,0.989,30.0,2
1902,153,1,12,0.989,22.5,2
1557,122,1,11,0.989,30.0,2
1944,174,1,15,0.989,30.0,2
1049,169,1,23,0.989,22.5,2
1549,144,1,14,0.989,30.0,2
1530,157,1,21,0.989,30.0,2
1444,148,1,17,0.989,30.0,2
1776,215,1,15,0.989,22.5,2
1569,147,1,11,0.989,22.5,2
600,259,1,18,0.989,30.0,2
742,256,2,20,0.989,30.0,2
1948,146,1,11,0.989,30.0,2
1475,113,1,18,0.989,30.0,2
1907,255,1,17,0.989,22.5,2
1922,234,1,7,0.989,22.5,2
1934,173,1,15,0.989,22.5,2
1383,166,1,13,0.989,30.0,2
1211,150,1,21,0.989,22.5,2
1926,172,1,16,0.989,30.0,2
1423,133,1,14,0.989,30.0,2
458,220,1,16,0.989,30.0,2
1923,167,1,15,0.989,30.0,2
760,222,1,21,0.989,30.0,2
854,245,1,19,0.989,22.5,2
654,229,1,25,0.989,30.0,2
314,46,1,2,0.071,0.003,0
1904,60,0,0,0.0,0.0,0
1960,77,2,9,0.0,0.0,0
1778,62,1,6,0.188,0.043,0
166,520,1,3,0.0,0.0,0
4,564,0,0,0.0,0.0,0
573,5356,5,36,0.1,0.225,0
1249,1422,0,0,0.0,0.0,0
734,569,11,21,0.265,0.032,0
1182,802,15,7,0.0,0.0,0
251,1037,2,19,0.033,0.007,0
460,536,10,14,0.034,0.019,0
394,851,2,2,0.0,0.0,0
273,537,1,3,0.0,0.0,0
434,596,24,33,0.0,0.0,0
486,595,4,18,0.011,0.009,0
258,711,2,2,0.0,0.0,0
698,905,2,5,0.0,0.0,0
503,713,5,8,0.022,0.02,0
321,699,3,9,0.028,0.003,0
240,609,1,20,0.0,0.0,0
388,740,1,9,0.055,0.039,0
2000,928,0,0,0.0,0.0,0
562,793,2,11,0.011,0.006,0
446,1115,2,42,0.0,0.0,0
351,700,4,22,0.06,0.007,0
397,822,8,40,0.231,0.029,0
1104,742,8,27,0.077,0.04,0
796,835,0,0,0.0,0.0,0
381,909,2,9,0.011,0.009,0
543,1204,2,4,0.0,0.0,0
2999,1017,4,1,0.022,0.035,0
530,1032,2,5,0.0,0.0,0
1458,861,1,4,0.0,0.0,0
517,1150,2,5,0.0,0.0,0
460,1174,2,4,0.0,0.0,0
627,674,5,27,0.079,0.021,0
754,1052,6,30,0.2,0.066,0
442,1234,4,40,0.187,0.077,0
1710,1233,7,48,0.495,0.328,0
461,1006,5,37,0.076,0.025,0
1979,1299,8,51,0.337,0.373,0
747,1230,2,4,0.044,0.021,0
1540,2611,0,0,0.0,0.0,0
737,2885,2,4,0.0,0.0,0
891,1028,26,5,0.033,0.016,0
878,1202,1,20,0.112,0.018,0
926,1591,1,1,0.0,0.0,0
1551,1564,7,24,0.244,0.155,0
86,10703,1,2,0.067,0.026,0
1651,1326,35,35,0.681,0.129,0
7387,6579,2,8,0.0,0.0,0
629,3759,3,14,0.065,0.018,0
1660,3431,1,3,0.0,0.0,0
602,3506,2,19,0.0,0.0,0
106,3783,12,1,0.011,0.005,0
4,3075,5,6,0.438,0.007,0
70,593801,3,2,0.0,0.0,0
243,358469,8,8,0.106,0.011,0
348,147,2,15,0.11,0.027,0
206,301,3,41,0.011,0.002,0
425,3399,12,28,0.076,0.438,0
575,290,11,46,0.011,0.053,0
281,38687,40,16,0.087,0.216,0
670,3910161,2,25,0.031,0.024,0
122,37038,5,16,0.0,0.0,0
297,377,9,34,0.22,0.154,0
224,431,1,10,0.109,0.526,0
308,399,1,6,0.0,0.0,0
88,153,1,2,0.0,0.0,0
25,20,1,1,0.333,0.25,0
33,22,0,0,0.0,0.0,0
59,9,0,0,0.0,0.0,0
0,23,0,0,0.0,0.0,0
104,81,0,0,0.0,0.0,0
247,13523,1,2,0.0,0.0,0
324,537,2,28,0.066,0.005,0
343,1696,3,24,0.0,0.0,0
273,274,4,34,0.099,0.014,0
247,290,3,17,0.022,0.004,0
296,349,3,26,0.314,0.054,0
564,437,5,25,0.078,0.024,0
147,466,8,16,0.011,0.005,0
521,2797,11,50,0.563,0.817,0
65,148,0,0,0.0,0.0,0
101,5,1,1,0.333,0.167,0
4,9,0,0,0.0,0.0,0
1,2,0,0,0.0,0.0,0
2,2,0,0,0.0,0.0,0
7,3,1,1,0.5,1.0,0
23,4,1,1,0.0,0.0,0
8,6,0,0,0.0,0.0,0
0,1,0,0,0.0,0.0,0
8,1,0,0,0.0,0.0,0
1,2,1,1,0.5,1.0,0
7,5,0,0,0.0,0.0,0
21,3,0,0,0.0,0.0,0
5,2,1,1,0.0,0.0,0
25,2,1,1,0.0,0.0,0
17,7,1,1,0.0,0.0,0
6,3,1,1,0.0,0.0,0
17,3,1,1,0.0,0.0,0
23,3,0,0,0.0,0.0,0
19,4,6,1,0.222,0.333,0
15,3,0,0,0.0,0.0,0
0,4,0,0,0.0,0.0,0
15,3,1,2,0.0,0.0,0
5,5,2,1,0.0,0.0,0
509,313,5,50,0.297,0.252,0
484,254,5,18,0.011,0.002,0
651,861,6,23,0.034,0.008,0
3,3,0,0,0.0,0.0,0
76,72,1,11,0.136,0.033,0
121,141,12,50,0.163,0.455,0
73,72,1,6,0.022,0.001,0
332,831,2,7,0.021,0.001,0
181,74,12,41,0.297,0.127,0
82,54,2,6,0.018,0.001,0
82,102,4,57,0.198,0.035,0
381,239,4,27,0.033,0.053,0
962,343,1,9,0.033,0.004,0
334,342,1,2,0.0,0.0,0
151,816,3,62,0.022,0.032,0
51,20,1,1,0.125,0.003,0
90,36,4,29,0.475,0.029,0
79,59,7,14,0.154,0.04,0
172,284,5,30,0.09,0.024,0
173,241,4,30,0.102,0.027,0
179,986,1,4,0.12,0.004,0
1992,63,2,78,0.679,1.618,0
253,357,2,14,0.241,0.02,0
52,76,14,24,0.256,0.061,0
475,341,8,42,0.315,0.42,0
1352,352,1,5,0.033,0.017,0
29,30,6,27,0.242,0.038,0
261,74,18,43,0.077,0.012,0
159,120,1,16,0.067,0.01,0
129,237,8,4,0.022,0.006,0
351,109,2,58,0.167,0.039,0
0,4,0,0,0.0,0.0,0
11,4,0,0,0.0,0.0,0
39,46,0,0,0.0,0.0,0
104,96,5,22,0.022,0.001,0
95,42,1,6,0.333,0.009,0
312,82,5,62,0.333,0.101,0
313,137,14,37,0.33,0.056,0
148,79,10,32,0.011,0.002,0
88,59,3,23,0.677,0.023,0
75,61,1,3,0.0,0.0,0
104,36,3,12,0.261,0.017,0
15,11,88,2,0.0,0.0,0
50,161,1,3,0.062,0.002,0
159,200,0,0,0.0,0.0,0
28,12894,19,36,0.011,0.014,0
343,155,3,32,0.044,0.006,0
191,423,2,19,0.027,0.003,0
68,155,3,52,0.088,0.015,0
218,100,0,0,0.0,0.0,0
12,12,3,7,0.32,0.016,0
198,164,3,17,0.033,0.007,0
53,60,10,35,0.055,0.006,0
204,133,1,2,0.125,0.002,0
207,390,8,42,0.011,0.006,0
322,260,4,23,0.022,0.004,0
89,204,6,33,0.253,0.048,0
742,212,2,14,0.022,0.035,0
790,906,2,17,0.011,0.012,0
364,330,4,29,0.202,0.048,0
140,51,6,51,0.506,0.095,0
218,334,7,39,0.157,0.095,0
554,338,8,23,0.0,0.0,0
53,74,9,44,0.066,0.014,0
241,283,8,43,0.505,0.143,0
9,14,0,0,0.0,0.0,0
101,64,0,0,0.0,0.0,0
396,764,2,44,0.5,0.28,0
310,18856,0,0,0.0,0.0,0
256,370,12,41,0.133,0.063,0
534,320,3,59,0.132,0.047,0
24,9,0,0,0.0,0.0,0
36,53,1,1,0.0,0.0,0
391,115,2,23,0.0,0.0,0
67,114,9,48,0.303,0.077,0
428,181,3,33,0.0,0.0,0
169,199,5,52,0.088,0.014,0
121,190,8,25,0.121,0.019,0
387,78,6,54,0.165,0.033,0
80,465,5,25,0.0,0.0,0
182,800,25,18,0.033,0.016,0
201,433,6,23,0.033,0.01,0
69,21,1,1,0.1,0.009,0
157,54,1,5,0.011,0.014,0
1091,206,3,43,0.244,0.206,0
474,27,1,7,0.038,0.15,0
82,73,2,13,0.067,0.007,0
35,8,0,0,0.0,0.0,0
444,32,9,36,0.436,0.415,0
7,7,1,1,0.111,0.008,0
2000,262,3,49,0.402,0.714,0
476,173,5,8,0.0,0.0,0
29,7,3,5,0.8,0.131,0
147,482,18,42,0.078,0.049,0
637,146,9,12,0.0,0.0,0
948,252,0,0,0.0,0.0,0
670,683,0,0,0.0,0.0,0
44,7,0,0,0.0,0.0,0
145,117,0,0,0.0,0.0,0
107,484,4,6,0.033,0.006,0
0,2,1,1,0.0,0.0,0
1065,187,2,70,0.055,0.046,0
299,103,5,5,0.0,0.0,0
66,237,21,25,0.322,0.055,0
1,1,0,0,0.0,0.0,0
0,2,1,1,0.0,0.0,0
245,143,7,4,0.0,0.0,0
100,45,1,37,0.0,0.0,0
44,51,0,0,0.0,0.0,0
168,401,5,54,0.065,0.016,0
300,243,8,42,0.011,0.023,0
312,86,4,47,0.115,0.286,0
17,37,5,5,0.098,0.11,0
336,214,1,20,0.011,0.02,0
124,89,1,15,0.103,0.113,0
0,1,0,0,0.0,0.0,0
1552,42,1,12,0.077,0.057,0
1668,116,1,20,0.22,0.108,0
59,26,1,10,0.047,0.004,0
441,147,4,44,0.011,0.006,0
112,241,0,0,0.0,0.0,0
29,1960,0,0,0.0,0.0,0
111,134,0,0,0.0,0.0,0
1274,644,1,13,0.0,0.0,0
504,401,0,0,0.0,0.0,0
1079,182,2,73,0.099,0.089,0
137,171,14,40,0.396,0.06,0
73,13,1,1,0.0,0.0,0
74,25,1,3,0.286,0.005,0
37,56,23,10,0.274,0.046,0
41,43,1,5,0.067,0.016,0
37,8,0,0,0.0,0.0,0
40,6,0,0,0.0,0.0,0
42,30,29,16,0.143,0.038,0
45,8,2,4,0.167,0.07,0
48,50,0,0,0.0,0.0,0
49,27,3,6,0.125,0.003,0
61,38,6,18,0.241,0.01,0
7,8,0,0,0.0,0.0,0
142,39,1,1,0.0,0.0,0
67,49,2,16,0.167,0.034,0
60,38,0,0,0.0,0.0,0
21,3,0,0,0.0,0.0,0
13,10,0,0,0.0,0.0,0
38,30,5,7,0.321,0.034,0
22,6,0,0,0.0,0.0,0
29,9,1,1,0.0,0.0,0
71,85,3,23,0.0,0.0,0
5,16,5,1,0.067,0.002,0
54,30,2,4,0.25,0.018,0
21,2,0,0,0.0,0.0,0
5,15,3,3,0.214,0.005,0
314,468,3,27,0.133,0.006,0
1479,152,1,90,0.989,30.0,0
88,152,8,44,0.297,0.059,0
457,12,0,0,0.0,0.0,0
293,60,1,5,0.154,0.083,0
333,593,11,25,0.099,0.022,0
64,74,8,12,0.308,0.086,0
284,866,3,21,0.044,0.005,0
90,140,14,37,0.242,0.054,0
346,455,1,18,0.024,0.004,0
283,37,7,32,0.244,0.027,0
446,712,6,38,0.143,0.027,0
1476,63,0,0,0.0,0.0,0
324,703,9,24,0.055,0.012,0
244,116,4,20,0.121,0.019,0
104,31,6,35,0.132,0.019,0
210,193,7,24,0.189,0.066,0
834,1043,4,23,0.022,0.008,0
374,568,7,46,0.363,0.058,0
764,79,0,0,0.0,0.0,0
1036,1240,3,21,0.216,0.237,0
761,174,10,21,0.187,0.048,0
614,52,0,0,0.011,0.022,0
517,510,3,25,0.224,0.029,0
205,58,4,18,0.679,0.015,0
105,15,1,4,0.027,0.002,0
90,143,6,44,0.222,0.021,0
312,324,5,36,0.422,0.05,0
953,205,1,7,0.129,0.017,0
1177,87136,2,4,0.024,0.002,0
419,222,10,45,0.261,1.2,0
423,374,5,45,0.056,0.012,0
222,100,1,7,0.066,0.006,0
224,285,2,21,0.209,0.042,0
139,247,6,60,0.022,0.008,0
2633,292734,18,6,0.0,0.0,0
1886,801,2,13,0.057,0.011,0
555,530,3,19,0.132,0.04,0
526,150,2,22,0.099,0.02,0
332,758,1,1,0.0,0.0,0
71,422,4,15,0.462,0.038,0
121,63,2,5,0.027,0.002,0
165,311,1,1,0.0,0.0,0
169,364,14,34,0.297,0.077,0
323,99,1,5,0.044,0.031,0
364,1007,1,2,0.0,0.0,0
94,83,1,2,0.0,0.0,0
257,120,2,37,0.0,0.0,0
713,190,13,23,0.253,0.076,0
445,90,5,59,0.736,0.215,0
95,65,6,35,0.385,0.061,0
1159,808,15,35,0.56,0.098,0
557,241,1,2,0.065,0.003,0
1579,517,0,0,0.0,0.0,0
28,5,3,4,0.222,0.4,0
1290,185,8,41,0.267,0.1,0
623,627,0,0,0.0,0.0,0
476,712,1,8,0.0,0.0,0
108,115,4,25,0.149,0.024,0
104,117,5,67,0.286,0.072,0
784,2430,1,7,0.011,0.005,0
170,330,17,34,0.132,0.046,0
122,96,1,16,0.04,0.017,0
1780,242,0,0,0.0,0.0,0
55,45,5,36,0.294,0.05,0
403,241,5,27,0.132,0.026,0
50,38,2,5,0.0,0.0,0
1993,204,1,1,0.011,0.04,0
303,137,10,20,0.099,0.019,0
1993,185,1,7,0.077,0.304,0
283,254,1,9,0.099,0.409,0
1996,206,1,9,0.099,0.429,0
245,236,1,4,0.044,0.174,0
1995,220,1,6,0.066,0.261,0
238,305,1,6,0.066,0.261,0
1996,259,1,8,0.088,0.364,0
270,296,1,8,0.088,0.444,0
1990,220,1,5,0.055,0.208,0
269,300,1,6,0.066,0.261,0
161,182,14,35,0.538,0.087,0
216,265,1,9,0.099,0.409,0
208,416,1,20,0.22,1.0,0
305,341,1,9,0.099,0.409,0
239,242,1,9,0.099,0.5,0
279,372,1,12,0.13,0.5,0
245,300,1,8,0.088,0.444,0
237,218,1,10,0.11,0.588,0
255,41,0,0,0.0,0.0,0
786,740,5,38,0.167,0.109,0
83,45,1,2,0.0,0.0,0
1875,299,0,0,0.0,0.0,0
320,259,0,0,0.0,0.0,0
47,16,2,5,0.5,1.333,0
91,21,5,12,0.069,0.057,0
1996,266,1,7,0.077,0.304,0
1036,112,1,2,0.125,0.182,0
349,602,5,46,0.033,0.006,0
928,209,0,0,0.011,0.062,0
118,15,3,8,0.071,0.002,0
144,163,2,66,0.121,0.018,0
214,336,3,57,0.315,0.076,0
375,245,5,57,0.0,0.0,0
25,5,0,0,0.0,0.0,0
541,147,0,0,0.011,0.005,0
285,327,1,9,0.099,0.5,0
1992,198,1,5,0.055,0.217,0
17,19,0,0,0.062,0.013,0
263,275,1,5,0.055,0.208,0
262,403,1,5,0.054,0.278,0
1352,304,2,4,0.5,0.176,0
264,458,1,7,0.077,0.318,0
288,287,1,6,0.066,0.316,0
239,337,1,10,0.11,0.455,0
262,272,1,6,0.066,0.316,0
155,328,1,8,0.088,0.444,0
301,280,1,4,0.044,0.211,0
110,125,2,18,0.194,0.007,0
279,337,1,1,0.011,0.053,0
297,265,1,5,0.055,0.208,0
289,257,1,9,0.099,0.409,0
273,458,1,9,0.099,0.5,0
432,613,4,14,0.165,0.103,0
111,5,1,3,0.833,5.0,0
215,80,8,34,0.011,0.032,0
229,60,5,48,0.024,0.041,0
1568,520,1,4,0.5,0.143,0
92,64,7,11,0.362,0.023,0
305,91,9,37,0.011,0.008,0
211,306,17,26,0.231,0.049,0
150,192,1,6,0.25,0.007,0
171,217,7,26,0.044,0.007,0
263,271,7,29,0.056,0.009,0
121,129,4,38,0.022,0.003,0
297,481,6,52,0.099,0.013,0
181,105,19,66,0.099,0.095,0
61,49,1,10,0.022,0.005,0
48,113,7,38,0.165,0.027,0
1171,334,0,0,0.0,0.0,0
163,47,2,49,0.281,0.05,0
133,51,2,15,0.1,0.003,0
97,18,1,1,0.0,0.0,0
1770,890,3,41,0.191,0.059,0
64,52,5,6,0.038,0.001,0
1413,2164,4,59,0.198,0.08,0
241,824,11,15,0.156,0.026,0
18,4,1,1,0.333,0.5,0
1437,1426,5,56,0.242,0.143,0
1405,21142,3,49,0.077,0.044,0
993,67,1,1,0.011,0.031,0
1495,27761,3,47,0.033,0.019,0
1449,208,0,0,0.0,0.0,0
721,689,9,39,0.5,0.535,0
840,48,10,5,0.219,0.072,0
1179,20967,3,49,0.011,0.006,0
271,2165,7,41,0.121,0.105,0
252,6,0,0,0.0,0.0,0
513,134,6,46,0.286,0.027,0
1591,231317,21,4,0.0,0.0,0
1537,111,0,0,0.0,0.0,0
622,58,0,0,0.0,0.0,0
1900,2952,0,0,0.0,0.0,0
1011,1885,4,2,0.188,0.009,0
23,8,1,3,0.0,0.0,0
1278,229,5,39,0.0,0.0,0
503,863,25,30,0.011,0.01,0
286,308,2,21,0.0,0.0,0
210,1324,6,62,0.1,0.013,0
146,56,14,49,0.044,0.114,0
1037,716,3,27,0.011,0.042,0
343,417,6,31,0.289,0.063,0
734,499,2,11,0.0,0.0,0
286,562,10,56,0.297,0.126,0
442,482,3,27,0.144,0.021,0
271,731,8,21,0.011,0.006,0
910,233,3,73,0.913,0.38,0
177,607,2,36,0.066,0.008,0
845,454,3,17,0.0,0.0,0
433,491,11,54,0.033,0.007,0
278,576,6,39,0.156,0.041,0
468,416,10,38,0.089,0.029,0
246,1129,2,9,0.011,0.003,0
514,625,4,26,0.033,0.012,0
691,580,11,18,0.011,0.038,0
395,257,25,19,0.217,0.192,0
674,442,4,21,0.0,0.0,0
1719,1801,1,2,0.0,0.0,0
307,805,2,25,0.022,0.004,0
1722,1933,3,6,0.0,0.0,0
350,544,4,40,0.012,0.001,0
314,523,3,32,0.054,0.089,0
125,340,6,51,0.066,0.011,0
1385,1422,6,24,0.18,0.035,0
132,65,0,0,0.0,0.0,0
101,8,1,1,0.333,0.009,0
231,176,5,31,0.0,0.0,0
1986,1769,1,7,0.039,0.004,0
32,10,2,6,0.462,0.037,0
29,26,0,0,0.0,0.0,0
109,122,6,58,0.622,0.158,0
1846,29682847,2,18,0.0,0.0,0
1141,135879,5,37,0.022,0.022,0
214,153,2,2,0.0,0.0,0
192,223418,4,10,0.0,0.0,0
748,4916304,8,6,0.0,0.0,0
8,291550,13,3,0.0,0.0,0
6,4159306,5,26,0.0,0.0,0
1827,71336,7,47,0.0,0.0,0
795,170231,0,0,0.0,0.0,0
196,381,4,43,0.022,0.012,0
425,375,5,46,0.033,0.01,0
1093,170376,5,15,0.011,0.003,0
323,429,3,56,0.407,0.048,0
493,2944074,5,31,0.0,0.0,0
216,208648,4,59,0.0,0.0,0
475,338239,15,6,0.0,0.0,0
221,719164,0,0,0.0,0.0,0
180,3815914,6,4,0.0,0.0,0
49,1502571,2,4,0.0,0.0,0
95,4131106,1,1,0.011,0.002,0
18,70509,0,0,0.0,0.0,0
127,5561951,5,36,0.011,0.003,0
95,15135069,10,35,0.0,0.0,0
202,40031,0,0,0.0,0.0,0
297,61655,3,16,0.0,0.0,0
235,6612,1,1,0.0,0.0,0
75,14163,25,17,0.0,0.0,0
409,41084,2,22,0.0,0.0,0
143,28190,8,77,0.0,0.0,0
1225,87443,30,7,0.0,0.0,0
982,1509,5,56,0.0,0.0,0
307,663,3,25,0.022,0.007,0
357,635826,11,8,0.011,0.002,0
608,17479,18,19,0.0,0.0,0
210,198,2,5,0.022,0.057,0
248,4860,8,7,0.0,0.0,0
530,1261,1,3,0.0,0.0,0
123,96,15,12,0.279,0.017,0
209,402,4,56,0.099,0.02,0
107,31,6,26,0.233,0.037,0
182,284,4,25,0.0,0.0,0
71,91,1,3,0.043,0.001,0
137,644,4,22,0.027,0.008,0
367,463,2,23,0.0,0.0,0
145,193,7,21,0.077,0.01,0
411,64470,2,8,0.0,0.0,0
217,53572,2,47,0.0,0.0,0
58,24002,8,8,0.011,0.001,0
308,225,3,9,0.0,0.0,0
394,63458,3,3,0.0,0.0,0
133,99203,2,6,0.0,0.0,0
328,512,4,61,0.0,0.0,0
135,847764,3,1,0.0,0.0,0
332,48420,1,1,0.0,0.0,0
67,89866,5,15,0.016,0.003,0
1677,300010,8,26,0.0,0.0,0
565,22591,17,34,0.011,0.25,0
91,13271,1,15,0.011,0.003,0
419,4961,8,20,0.0,0.0,0
372,190573,0,0,0.0,0.0,0
102,38505,3,7,0.0,0.0,0
15,317602,1,9,0.0,0.0,0
905,20093,0,0,0.0,0.0,0
304,113353,5,7,0.0,0.0,0
202,5493,3,18,0.0,0.0,0
74,245,2,9,0.0,0.0,0
191,211,2,38,0.0,0.0,0
1075,83931,1,16,0.0,0.0,0
101,61,6,34,0.267,0.02,0
841,42399,4,56,0.0,0.0,0
591,9137722,3,5,0.0,0.0,0
19,9327,1,1,0.0,0.0,0
126,854573,1,2,0.0,0.0,0
75,2012,4,38,0.212,1.0,0
253,12804,2,3,0.0,0.0,0
1084,533412,13,3,0.044,0.4,0
206,266957,0,0,0.0,0.0,0
165,7190,2,11,0.25,0.16,0
545,2839,2,6,0.0,0.0,0
28,175884,1,1,0.0,0.0,0
216,21988,3,19,0.0,0.0,0
473,47201,1,3,0.022,0.027,0
202,178506,3,9,0.0,0.0,0
779,3803358,2,15,0.0,0.0,0
554,12630,3,5,0.0,0.0,0
199,416,2,24,0.148,0.057,0
82,1793664,2,4,0.0,0.0,0
206,2760006,8,20,0.0,0.0,0
99,2929,4,1,0.0,0.0,0
172,40714,5,10,0.045,0.033,0
183,22082626,2,13,0.0,0.0,0
641,5144,5,5,0.011,0.002,0
570,23914,13,4,0.0,0.0,0
1,3431554,0,0,0.0,0.0,0
314,1386,4,35,0.0,0.0,0
542,7368622,2,25,0.07,0.082,0
209,367,7,44,0.078,0.022,0
37,69532,1,6,0.0,0.0,0
3,43,0,0,0.0,0.0,0
242,556,9,53,0.043,0.129,0
499,1269,4,81,0.196,0.462,0
232,186502,6,10,0.049,0.103,0
356,46160,2,4,0.0,0.0,0
115,269,7,20,0.0,0.0,0
464,12152,2,11,0.0,0.0,0
87,37695,9,20,0.0,0.0,0
116,10139,10,22,0.0,0.0,0
181,398727,17,1,0.0,0.0,0
35,56231,1,2,0.0,0.0,0
14,700690,4,1,0.044,0.028,0
56,858,12,41,0.044,0.017,0
21,1998,8,15,0.022,0.009,0
40,156301,8,17,0.0,0.0,0
293,982,4,1,0.0,0.0,0
382,82294,8,25,0.0,0.0,0
154,15865,20,20,0.0,0.0,0
486,366,2,12,0.011,0.001,0
5,29045,5,17,0.022,0.2,0
87,278910,1,3,0.0,0.0,0
2453,61144,0,0,0.0,0.0,0
667,203,7,45,0.011,0.004,0
558,3668,5,47,0.0,0.0,0
34,18128227,42,1,0.0,0.0,0
14,4198282,1,4,0.022,0.008,0
34,1159614,32,3,0.0,0.0,0
175,2472719,22,3,0.0,0.0,0
109,245,8,9,0.043,0.004,0
34,2654,2,6,0.0,0.0,0
83,5500,5,8,0.121,0.07,0
62,1330,2,5,0.0,0.0,0
51,9357,6,13,0.011,0.003,0
262,9862,20,7,0.0,0.0,0
244,2198,8,6,0.025,0.001,0
412,6292,20,11,0.0,0.0,0
143,12291,17,19,0.011,0.004,0
315,183,3,61,0.033,0.026,0
1369,3293,4,19,0.065,0.014,0
85,110604,21,17,0.022,0.01,0
63,15879,39,7,0.0,0.0,0
66,43186,1,1,0.0,0.0,0
264,7343,1,1,0.0,0.0,0
0,292347,1,1,0.0,0.0,0
391,5500,10,50,0.174,0.889,0
81,273823,8,7,0.0,0.0,0
27,9413,17,2,0.0,0.0,0
204,354676,8,5,0.022,0.009,0
218,260,0,0,0.0,0.0,0
176,131041,1,5,0.0,0.0,0
28,4011,11,27,0.11,0.192,0
195,1864402,5,15,0.011,0.025,0
174,1685572,8,21,0.011,0.014,0
43,34744,4,12,0.0,0.0,0
136,118833,0,0,0.0,0.0,0
19,10,0,0,0.143,0.006,0
20,15194,1,1,0.0,0.0,0
387,125168,3,20,0.0,0.0,0
4,309598,17,1,0.0,0.0,0
250,3454655,2,12,0.0,0.0,0
46,255639,3,1,0.033,0.333,0
10,4809740,1,1,0.0,0.0,0
93,6713,9,35,0.244,0.247,0
263,852161,1,2,0.0,0.0,0
497,2856767,3,6,0.011,0.034,0
1516,18266,0,0,0.0,0.0,0
487,8413321,14,25,0.0,0.0,0
280,1721614,2,1,0.0,0.0,0
2257,2399499,5,22,0.0,0.0,0
29,28,1,2,0.032,0.001,0
76,24487511,8,30,0.167,0.031,0
218,142,5,19,0.233,0.021,0
209,520,11,36,0.055,0.013,0
557,4343,5,51,0.043,0.041,0
95,25804,6,3,0.143,0.045,0
241,1937,0,0,0.0,0.0,0
710,75825,4,34,0.193,0.052,0
11,378,28,11,0.253,0.049,0
320,3765,4,29,0.056,0.007,0
253,5179,2,9,0.065,0.008,0
547,2020,1,23,0.044,0.073,0
124,311733,1,2,0.0,0.0,0
1981,1066,0,0,0.0,0.0,0
336,2811693,0,0,0.0,0.0,0
1919,375619,6,51,0.0,0.0,0
272,754,3,31,0.067,0.015,0
18,39,1,1,0.111,0.006,0
61,80,5,44,0.121,0.012,0
216,116,1,11,0.125,0.007,0
128,28735,33,3,0.736,0.356,0
110,5098851,1,9,0.0,0.0,0
334,543835,4,19,0.0,0.0,0
954,499,3,64,0.046,0.01,0
674,840,5,39,0.44,0.195,0
288,422,6,48,0.144,0.034,0
62,25,1,15,0.16,0.008,0
384,530,6,37,0.121,0.048,0
388,400,12,41,0.264,0.057,0
69,124,3,6,0.188,0.003,0
182,2518,6,31,0.0,0.0,0
648,497,1,12,0.0,0.0,0
434,3324,8,70,0.011,0.006,0
113,160,52,10,0.637,0.209,0
454,799,3,23,0.073,0.015,0
637,598,4,37,0.077,0.028,0
160,93,3,60,0.315,0.032,0
1595,1010852,7,60,0.011,0.001,0
1626,742,5,50,0.044,0.018,0
58,3356,1,4,0.022,0.012,0
71,40,2,12,0.08,0.004,0
257,254,16,37,0.0,0.0,0
200,4816661,2,3,0.0,0.0,0
175,3074,4,16,0.0,0.0,0
681,348,4,17,0.08,0.054,0
134,183,8,17,0.022,0.003,0
74,704369,8,12,0.022,0.004,0
456,100411,6,32,0.067,0.011,0
707,114341,7,38,0.011,0.004,0
264,1793,4,38,0.055,0.008,0
283,492867,5,14,0.0,0.0,0
96,22770137,1,11,0.0,0.0,0
245,484,6,25,0.022,0.003,0
665,566,7,53,0.315,0.674,0
128,398265,0,0,0.0,0.0,0
308,432,8,18,0.0,0.0,0
154,90,1,7,0.08,0.003,0
91,139,9,25,0.1,0.016,0
286,499,3,29,0.1,0.014,0
220,251,7,44,0.319,0.058,0
267,5749,4,32,0.033,0.024,0
3,53608,7,8,0.0,0.0,0
184,3122,3,10,0.0,0.0,0
900,18200,4,45,0.0,0.0,0
260,245,6,43,0.132,0.033,0
1477,71,3,34,0.061,0.005,0
8,33,1,1,0.0,0.0,0
723,2327,1,10,0.011,0.003,0
436,772,7,22,0.011,0.038,0
315,38,6,50,0.011,0.004,0
598,44007,6,52,0.033,0.2,0
673,50561,2,3,0.0,0.0,0
146,7663,2,3,0.0,0.0,0
326,26530,5,51,0.047,0.049,0
235,25758,5,49,0.011,0.018,0
948,16768,3,33,0.0,0.0,0
116,154,1,18,0.033,0.003,0
44,38995,15,3,0.0,0.0,0
602,4959,5,46,0.033,0.167,0
31,92993,4,8,0.0,0.0,0
68,34564,2,1,0.0,0.0,0
234,147,7,58,0.484,0.237,0
66,45,3,8,0.066,0.016,0
291,422,10,61,0.402,0.86,0
834,3051,4,54,0.239,0.846,0
217,1104083,1,2,0.0,0.0,0
570,607,4,35,0.033,0.25,0
199,2602,5,35,0.011,0.023,0
64,20990,25,18,0.0,0.0,0
297,195,4,32,0.154,0.065,0
214,1055051,3,6,0.0,0.0,0
842,4151291,2,7,0.0,0.0,0
4,128561,2,3,0.0,0.0,0
380,182,2,22,0.125,0.004,0
40,19360,0,0,0.0,0.0,0
131,1935075,6,1,0.0,0.0,0
309,599,2,73,0.124,0.072,0
772,847,1,42,0.022,0.022,0
405,435,2,36,0.066,0.01,0
307,157,2,31,0.011,0.002,0
828,163,4,38,0.0,0.0,0
245,259,1,10,0.0,0.0,0
1967,93327,2,10,0.0,0.0,0
212,180855,1,5,0.0,0.0,0
61,1253,34,6,0.0,0.0,0
358,621,1,34,0.055,0.01,0
689,1482,3,61,0.033,0.032,0
200,533,3,65,0.087,0.19,0
252,1141,5,38,0.077,0.032,0
271,130,3,60,0.034,0.015,0
132,626,8,52,0.033,0.125,0
332,281,2,35,0.122,0.014,0
175,484,5,67,0.087,0.114,0
195,2519,3,70,0.078,0.163,0
400,452,3,80,0.022,0.01,0
284,273,2,49,0.066,0.128,0
516,166,5,50,0.174,0.193,0
1715,1785906,17,9,0.0,0.0,0
188,4256767,1,1,0.0,0.0,0
343,378,4,53,0.0,0.0,0
698,811,7,63,0.033,0.143,0
352,513,2,36,0.118,0.012,0
388,861,13,35,0.011,0.003,0
837,11386,10,7,0.0,0.0,0
696,465,5,58,0.077,0.042,0
140,684,2,24,0.011,0.001,0
680,1401,6,66,0.099,0.032,0
437,334,4,55,0.135,0.04,0
366,523,2,38,0.011,0.011,0
31,355139,4,9,0.0,0.0,0
371,146,5,64,0.022,0.053,0
119,162,5,7,0.264,0.031,0
564,950,9,58,0.087,0.04,0
53,834215,1,2,0.0,0.0,0
14,1888059,15,18,0.0,0.0,0
1049,49173,9,36,0.053,0.154,0
360,432,5,40,0.022,0.003,0
651,258,9,37,0.056,0.02,0
198,189,6,65,0.098,0.333,0
1127,636468,0,0,0.0,0.0,0
1301,1022,4,61,0.0,0.0,0
2310,5584253,5,14,0.0,0.0,0
388,291438,2,6,0.0,0.0,0
208,7406,25,12,0.044,0.006,0
300,14593070,16,38,0.076,0.033,0
242,5935589,1,13,0.0,0.0,0
592,586734,43,21,0.0,0.0,0
525,99515,4,12,0.011,0.018,0
264,37790781,1,5,0.0,0.0,0
206,15613,0,0,0.0,0.0,0
56,1802014,5,11,0.0,0.0,0
224,33723375,1,4,0.0,0.0,0
5,1582774,0,0,0.0,0.0,0
230,4840,14,34,0.043,0.056,0
268,625494,14,7,0.0,0.0,0
80,6244690,2,4,0.0,0.0,0
247,1459204,8,31,0.033,0.045,0
126,317145,13,2,0.0,0.0,0
1049,22494,8,13,0.011,0.024,0
137,4223599,54,11,0.0,0.0,0
392,350755,0,0,0.0,0.0,0
134,10552,2,3,0.011,0.083,0
41,14108526,1,2,0.0,0.0,0
129,211,3,17,0.099,0.009,0
555,7161,2,23,0.0,0.0,0
174,89,11,5,0.016,0.003,0
48,180040,4,3,0.0,0.0,0
246,1488,0,0,0.0,0.0,0
606,1028160,4,29,0.022,0.004,0
276,1341,3,61,0.033,0.009,0
95,698,4,40,0.044,0.01,0
129,97,6,49,0.055,0.02,0
875,227,5,65,0.598,1.719,0
303,297,3,48,0.044,0.008,0