1742,140,0.754,0.347,0.461,0.0,0.831,13,1
1552,141,1.403,0.694,0.494,0.0,0.816,17,1
1811,114,1.552,0.741,0.478,0.0,0.811,13,1
1604,192,0.596,0.39,0.655,0.0,0.966,14,1
1630,205,0.448,0.237,0.529,0.0,0.862,17,1
1758,84,1.673,0.692,0.414,0.0,0.874,13,1
1686,102,1.604,0.755,0.471,0.0,0.882,17,1
1683,194,0.476,0.265,0.556,0.0,0.911,13,1
193,54,2.143,2.143,1.0,0.0,1.0,10,1
1605,454,1.059,0.941,0.889,0.0,0.956,16,1
1736,134,1.956,1.867,0.955,0.0,0.966,16,1
1736,113,0.539,0.37,0.685,0.0,0.888,14,1
1646,171,2.967,2.7,0.91,0.0,0.966,16,1
1599,113,1.792,1.667,0.93,0.0,1.0,16,1
1617,126,3.333,3.296,0.989,0.022,0.989,16,1
1755,131,1.796,1.714,0.955,0.0,0.977,16,1
1624,161,1.6,0.836,0.523,0.0,0.841,13,1
1543,660,1.328,1.134,0.854,0.0,0.899,16,1
1613,156,2.171,2.098,0.966,0.0,0.966,16,1
1566,177,0.724,0.374,0.517,0.0,0.82,13,1
1521,447,1.06,0.905,0.854,0.0,0.955,16,1
1689,112,1.66,0.717,0.432,0.0,0.864,17,1
1759,134,1.978,1.889,0.955,0.0,0.966,16,1
1536,118,0.827,0.615,0.744,0.0,0.942,10,1
1512,441,1.219,0.589,0.483,0.0,0.753,16,1
1643,128,2.618,2.441,0.933,0.0,0.978,16,1
1622,146,2.119,2.0,0.944,0.0,0.966,16,1
1652,121,2.871,2.516,0.876,0.0,0.944,14,1
1829,127,6.429,6.214,0.967,0.0,0.978,13,1
1678,179,0.724,0.301,0.416,0.0,0.719,13,1
1546,441,1.059,0.894,0.844,0.0,0.956,14,1
1755,150,2.195,2.122,0.967,0.0,0.978,16,1
1768,133,2.225,2.125,0.955,0.0,0.966,16,1
1723,116,0.512,0.367,0.718,0.0,0.906,13,1
1878,89,1.66,0.679,0.409,0.0,0.886,14,1
1751,134,3.143,3.143,1.0,0.0,1.0,16,1
1785,164,2.093,1.953,0.933,0.0,0.956,16,1
1509,133,3.462,1.423,0.411,0.0,0.989,14,1
1884,516,1.304,1.116,0.856,0.0,0.9,16,1
398,9,0.096,0.006,0.067,0.0,0.533,16,1
1733,155,2.095,2.024,0.966,0.0,0.977,16,1
1609,134,2.195,2.073,0.944,0.0,1.0,16,1
1251,603,2.143,2.143,1.0,0.0,1.0,13,1
124,79,0.059,0.0,0.0,0.304,0.522,13,1
1764,121,2.195,2.098,0.956,0.0,0.967,16,1
1653,633,1.25,1.097,0.878,0.0,0.911,20,1
1672,111,2.122,2.049,0.966,0.0,0.989,16,1
1501,332,0.977,0.465,0.476,0.0,0.905,16,1
1472,119,1.125,0.463,0.411,0.0,1.0,14,1
274,10,2.143,2.143,1.0,0.0,1.0,10,1
1573,135,2.095,2.048,0.977,0.0,0.977,16,1
1701,127,2.0,1.889,0.944,0.0,0.956,16,1
1608,217,2.07,1.93,0.933,0.0,0.978,16,1
1679,129,1.642,0.717,0.437,0.0,0.851,14,1
1514,110,1.833,1.708,0.932,0.0,0.955,16,1
1680,124,2.781,2.781,1.0,0.0,1.0,16,1
1826,127,6.429,6.0,0.933,0.0,0.978,14,1
1736,995,1.429,1.079,0.756,0.0,0.833,14,1
1647,108,2.122,2.0,0.943,0.0,0.966,16,1
1752,106,0.442,0.015,0.034,0.0,0.632,17,1
1572,108,1.776,1.653,0.931,0.0,0.977,16,1
1922,119,2.342,1.579,0.674,0.0,0.876,13,1
1526,580,1.271,1.114,0.876,0.0,0.955,16,1
1642,146,0.909,0.465,0.511,0.0,0.933,14,1
1791,111,2.697,2.697,1.0,0.0,1.0,16,1
1856,84,1.66,0.66,0.398,0.0,0.841,14,1
1663,155,1.731,0.75,0.433,0.0,0.878,14,1
1597,89,1.673,0.731,0.437,0.0,0.897,17,1
1549,88,0.737,0.339,0.46,0.0,0.862,13,1
1732,162,0.514,0.272,0.528,0.0,0.82,14,1
1558,389,1.147,0.667,0.581,0.0,0.779,16,1
1805,219,2.282,2.128,0.933,0.0,0.955,16,1
1752,118,2.781,2.781,1.0,0.0,1.0,16,1
1640,624,1.324,1.162,0.878,0.0,0.933,16,1
1736,155,1.534,0.741,0.483,0.0,0.854,14,1
1713,144,2.143,2.071,0.967,0.022,0.967,16,1
1738,166,0.897,0.649,0.724,0.0,0.931,10,1
1702,117,0.427,0.214,0.5,0.0,0.773,13,1
1748,138,3.214,3.214,1.0,0.0,1.0,16,1
1528,83,0.817,0.625,0.765,0.0,0.929,10,1
1690,103,2.812,2.812,1.0,0.0,1.0,16,1
1570,116,2.781,2.781,1.0,0.0,1.0,16,1
1616,144,2.933,2.533,0.864,0.0,0.92,16,1
1808,400,1.149,0.676,0.588,0.0,0.847,14,1
1754,143,2.023,1.907,0.943,0.0,0.954,16,1
1768,127,1.854,1.771,0.955,0.0,1.0,16,1
1639,155,5.5,5.5,1.0,0.0,1.0,16,1
1751,147,2.171,2.024,0.933,0.0,0.989,16,1
1504,330,1.0,0.534,0.534,0.0,0.909,20,1
1591,144,2.095,2.024,0.966,0.0,0.989,16,1
1665,135,1.5,0.759,0.506,0.0,0.92,13,1
1645,123,1.796,1.714,0.955,0.0,0.977,16,1
1601,121,2.171,2.024,0.933,0.0,0.978,16,1
1813,107,0.318,0.03,0.095,0.0,0.619,17,1
1694,131,2.0,1.889,0.944,0.0,0.967,16,1
1500,124,5.625,5.625,1.0,0.0,1.0,16,1
1759,142,2.2,2.1,0.955,0.0,0.977,16,1
1640,145,3.179,3.179,1.0,0.0,1.0,16,1
1579,122,2.143,2.0,0.933,0.0,0.967,16,1
1577,150,0.503,0.263,0.522,0.0,0.933,13,1
1516,152,3.0,2.633,0.878,0.0,0.889,16,1
1873,345,0.989,0.489,0.494,0.0,0.885,20,1
1641,118,1.816,1.714,0.944,0.0,0.978,16,1
1698,103,1.698,0.66,0.389,0.0,0.867,13,1
1782,126,6.429,6.071,0.944,0.0,0.967,13,1
1517,81,0.837,0.615,0.736,0.0,0.954,13,1
1631,125,2.07,2.0,0.966,0.0,0.989,16,1
1626,131,5.625,5.625,1.0,0.0,1.0,16,1
1799,175,2.171,2.0,0.921,0.0,0.933,16,1
1475,163,1.127,0.266,0.236,0.0,0.843,22,1
1780,2150,1.459,1.033,0.708,0.0,0.742,16,1
1709,169,6.357,6.0,0.944,0.0,0.944,13,1
1662,144,6.846,6.769,0.989,0.0,0.989,13,1
1690,120,2.098,2.0,0.953,0.0,0.988,16,1
1728,158,2.093,1.977,0.944,0.0,0.956,16,1
1587,340,1.171,0.697,0.596,0.0,0.865,14,1
1613,156,2.195,2.049,0.933,0.0,0.978,16,1
1471,173,0.899,0.636,0.708,0.0,0.933,13,1
1660,101,1.712,0.692,0.404,0.022,0.876,14,1
1663,108,6.923,6.769,0.978,0.0,0.978,13,1
1777,179,1.63,0.833,0.511,0.0,0.818,14,1
1617,135,6.923,6.923,1.0,0.0,1.0,13,1
1635,150,5.933,5.933,1.0,0.0,1.0,16,1
1762,131,2.07,2.047,0.989,0.0,1.0,16,1
1529,544,1.048,0.893,0.852,0.0,0.989,16,1
1565,131,2.045,2.023,0.989,0.0,1.0,16,1
1764,131,3.75,3.75,1.0,0.0,1.0,16,1
1632,168,2.119,1.976,0.933,0.0,0.933,16,1
1493,171,2.871,2.387,0.831,0.0,0.888,16,1
1640,457,0.726,0.685,0.944,0.0,0.989,65,1
1681,115,2.256,2.179,0.966,0.0,1.0,16,1
1517,715,1.343,1.149,0.856,0.0,0.978,16,1
1652,114,2.405,1.676,0.697,0.0,0.933,13,1
1633,167,2.171,2.0,0.921,0.0,0.944,16,1
1699,134,2.119,2.024,0.955,0.0,0.978,16,1
1695,128,2.07,1.953,0.944,0.0,0.966,16,1
1521,151,3.034,2.793,0.92,0.0,0.943,16,1
1842,85,0.305,0.085,0.279,0.0,0.465,22,1
1648,145,3.034,2.897,0.955,0.0,0.977,16,1
1745,117,2.225,2.125,0.955,0.0,0.978,16,1
319,35,0.066,0.039,0.583,0.067,0.583,41,1
1510,417,1.189,0.635,0.534,0.0,0.886,14,1
1508,403,1.133,0.653,0.576,0.0,0.847,14,1
1637,136,3.107,3.107,1.0,0.0,1.0,16,1
1530,728,1.286,1.186,0.922,0.0,0.944,20,1
1700,116,6.0,5.533,0.922,0.0,0.944,13,1
1766,156,0.5,0.267,0.534,0.0,0.841,13,1
1749,140,2.143,2.048,0.956,0.0,0.989,16,1
1543,80,0.446,0.19,0.425,0.0,0.874,13,1
1611,118,2.225,2.15,0.966,0.0,0.978,16,1
1614,135,2.146,2.024,0.943,0.0,1.0,16,1
1583,122,2.146,2.049,0.955,0.0,0.989,16,1
1665,98,0.638,0.304,0.477,0.0,0.761,13,1
1702,148,1.517,0.724,0.477,0.0,0.75,13,1
1674,103,2.432,2.297,0.944,0.0,0.956,16,1
1579,125,2.071,1.952,0.943,0.0,0.977,16,1
1748,137,2.75,2.75,1.0,0.0,1.0,16,1
1524,314,1.023,0.534,0.522,0.0,0.9,14,1
1625,127,0.652,0.319,0.489,0.0,0.727,14,1
1608,206,0.598,0.325,0.543,0.0,0.843,14,1
1896,694,1.304,1.203,0.922,0.0,0.933,14,1
1623,191,2.282,2.154,0.944,0.0,0.966,16,1
1786,174,6.429,6.0,0.933,0.0,0.978,13,1
1711,134,3.6,3.6,1.0,0.0,1.0,16,1
328,13,0.089,0.006,0.071,0.0,0.714,16,1
1630,128,2.119,2.024,0.955,0.0,1.0,16,1
1574,139,2.146,2.049,0.955,0.0,0.977,16,1
178,20,1.618,1.109,0.685,0.0,1.0,10,1
1649,156,1.483,0.717,0.483,0.0,0.798,14,1
1602,122,2.697,2.697,1.0,0.0,1.0,16,1
1750,153,2.143,2.071,0.967,0.0,0.978,16,1
1280,180,0.873,0.618,0.708,0.0,0.966,10,1
1709,175,2.143,1.976,0.922,0.0,0.956,16,1
1274,773,0.457,0.457,1.0,0.0,1.0,72,1
1878,89,1.636,0.782,0.478,0.0,0.922,13,1
1767,133,1.956,1.844,0.943,0.0,0.955,16,1
1701,122,0.726,0.368,0.506,0.0,0.741,13,1
1837,113,2.781,2.781,1.0,0.0,1.0,16,1
1799,129,1.796,1.694,0.943,0.0,0.977,16,1
1580,139,2.405,2.297,0.955,0.0,0.966,16,1
1663,158,0.398,0.05,0.125,0.0,0.542,44,1
312,15,0.089,0.006,0.071,0.0,0.571,17,1
1499,487,1.06,0.893,0.843,0.0,0.933,14,1
1717,154,0.664,0.351,0.528,0.0,0.809,13,1
1608,167,1.589,0.75,0.472,0.0,0.82,13,1
1688,137,2.171,2.049,0.944,0.0,0.955,16,1
1635,206,2.342,2.184,0.933,0.0,0.955,16,1
1510,790,1.304,1.203,0.922,0.0,0.956,14,1
1735,111,1.679,0.736,0.438,0.0,0.865,13,1
1792,126,2.119,2.0,0.944,0.0,0.966,16,1
1662,149,0.809,0.391,0.483,0.0,0.876,13,1
1787,116,6.429,6.0,0.933,0.0,1.0,13,1
1551,417,1.162,0.649,0.558,0.0,0.837,14,1
1716,240,0.925,0.699,0.756,0.0,0.942,13,1
1663,136,1.582,0.836,0.529,0.0,0.885,14,1
1801,161,2.095,2.024,0.966,0.0,0.966,16,1
1560,150,2.143,2.0,0.933,0.0,0.967,16,1
1553,115,6.429,6.286,0.978,0.0,0.989,13,1
1715,137,1.854,1.75,0.944,0.0,0.989,16,1
1562,158,0.494,0.261,0.529,0.0,0.862,17,1
1724,148,2.171,2.024,0.933,0.0,0.966,16,1
1692,127,0.85,0.4,0.471,0.0,0.812,13,1
1513,577,1.304,1.101,0.844,0.0,0.889,16,1
1759,169,2.119,2.0,0.944,0.0,0.989,16,1
1646,142,0.744,0.355,0.478,0.0,0.733,14,1
1512,147,2.812,2.469,0.878,0.0,0.911,16,1
1550,521,1.048,0.893,0.852,0.0,0.943,14,1
1726,184,1.679,0.849,0.506,0.0,0.764,13,1
1599,115,0.87,0.43,0.494,0.0,0.839,13,1
1741,136,0.455,0.217,0.478,0.0,0.822,14,1
1662,142,1.561,0.754,0.483,0.0,0.764,14,1
1799,97,1.623,0.811,0.5,0.0,0.907,14,1
1801,150,1.571,0.786,0.5,0.0,0.852,14,1
1818,193,2.282,2.179,0.955,0.0,0.978,16,1
1787,99,6.846,6.692,0.978,0.0,1.0,14,1
1788,167,2.143,2.0,0.933,0.0,0.944,16,1
230,43,2.143,2.143,1.0,0.0,1.0,10,1
1851,176,2.093,1.953,0.933,0.0,0.956,16,1
1621,156,2.146,2.049,0.955,0.0,0.989,16,1
1633,143,2.093,2.0,0.956,0.0,0.967,16,1
1922,173,6.429,5.929,0.922,0.0,0.967,14,1
1676,126,3.214,3.214,1.0,0.0,1.0,16,1
1806,149,3.423,3.423,1.0,0.0,1.0,16,1
1621,211,2.308,2.154,0.933,0.0,0.944,16,1
1601,144,6.429,6.143,0.956,0.0,0.967,13,1
1563,138,2.171,2.049,0.944,0.0,0.989,16,1
1723,126,3.214,3.214,1.0,0.0,1.0,16,1
1826,184,2.07,1.93,0.933,0.0,0.978,16,1
1566,120,2.225,2.125,0.955,0.0,0.955,16,1
1767,123,0.377,0.158,0.42,0.0,0.704,13,1
1675,140,1.755,1.224,0.698,0.0,0.837,14,1
1709,151,1.582,0.782,0.494,0.0,0.862,14,1
1635,119,3.179,3.179,1.0,0.0,1.0,16,1
1513,125,1.125,0.45,0.4,0.0,0.989,22,1
299,43,2.143,2.143,1.0,0.0,1.0,10,1
1526,114,0.439,0.182,0.414,0.0,0.862,16,1
1747,129,2.143,2.048,0.956,0.0,0.978,16,1
1805,137,1.854,1.75,0.944,0.0,0.978,16,1
453,11,0.108,0.006,0.059,0.0,0.647,20,1
1687,117,1.812,0.75,0.414,0.0,0.897,13,1
1500,950,1.429,1.127,0.789,0.0,0.811,14,1
1689,140,2.023,1.93,0.954,0.0,0.966,16,1
1803,174,0.386,0.059,0.154,0.0,0.462,21,1
1569,125,6.923,6.846,0.989,0.0,0.989,13,1
1623,318,0.943,0.46,0.488,0.0,0.902,14,1
1668,215,1.692,0.904,0.534,0.0,0.773,13,1
1524,359,1.12,0.653,0.583,0.0,0.81,16,1
1674,126,2.871,2.484,0.865,0.0,0.91,16,1
1591,136,3.214,3.214,1.0,0.0,1.0,16,1
1662,192,0.538,0.308,0.571,0.0,0.937,14,1
1623,212,0.541,0.018,0.034,0.0,0.542,14,1
1854,1958,0.209,0.147,0.7,0.022,0.722,65,1
285,45,2.143,2.143,1.0,0.0,1.0,10,1
1725,152,0.517,0.27,0.522,0.0,0.778,13,1
1779,116,2.195,2.073,0.944,0.0,0.989,16,1
1749,122,1.913,0.826,0.432,0.0,0.92,13,1
1769,133,2.781,2.781,1.0,0.0,1.0,16,1
1726,115,0.63,0.283,0.448,0.0,0.805,14,1
1661,101,1.673,0.75,0.448,0.0,0.885,14,1
1616,99,1.837,0.776,0.422,0.0,0.856,13,1
1575,456,1.286,1.086,0.844,0.0,0.9,16,1
1659,125,2.095,2.0,0.955,0.0,0.977,16,1
1762,143,2.07,1.953,0.944,0.0,0.966,16,1
1795,91,1.673,0.75,0.448,0.0,0.885,16,1
1798,160,3.52,3.52,1.0,0.0,1.0,16,1
1695,127,1.816,1.714,0.944,0.0,0.966,16,1
1656,116,1.582,0.673,0.425,0.0,0.862,13,1
1893,145,6.357,6.0,0.944,0.0,0.978,13,1
1515,2038,1.435,1.065,0.742,0.0,0.798,14,1
1693,137,0.73,0.279,0.382,0.0,0.708,14,1
1719,121,0.889,0.394,0.443,0.0,0.83,17,1
1732,128,1.589,0.768,0.483,0.0,0.854,13,1
1889,582,1.236,1.056,0.854,0.0,0.966,16,1
1774,132,3.708,3.708,1.0,0.0,1.0,16,1
1634,131,0.887,0.454,0.512,0.0,0.779,16,1
1623,2177,1.475,1.033,0.7,0.0,0.811,14,1
1767,139,2.195,2.049,0.933,0.0,0.978,16,1
1700,122,0.44,0.23,0.523,0.0,0.75,14,1
1685,180,0.481,0.215,0.448,0.0,0.759,13,1
1872,100,1.66,0.887,0.534,0.0,0.909,16,1
1645,186,0.479,0.266,0.556,0.0,0.856,14,1
1664,129,1.812,1.708,0.943,0.0,0.966,16,1
1689,174,2.07,1.93,0.933,0.0,0.933,16,1
1502,2020,1.435,1.081,0.753,0.0,0.831,16,1
287,33,2.143,2.143,1.0,0.0,1.0,10,1
1531,590,1.294,1.147,0.886,0.0,0.943,14,1
1799,122,0.278,0.006,0.023,0.0,0.443,14,1
1680,150,2.146,2.0,0.932,0.0,0.955,16,1
1628,135,6.923,6.923,1.0,0.0,1.0,16,1
1798,142,2.093,1.953,0.933,0.0,0.956,16,1
355,61,2.143,2.143,1.0,0.0,1.0,10,1
1843,137,3.179,3.179,1.0,0.0,1.0,16,1
1882,95,0.732,0.325,0.444,0.0,0.822,13,1
226,45,2.143,2.143,1.0,0.0,1.0,10,1
1618,258,0.935,0.656,0.701,0.0,0.954,20,1
1769,152,2.143,2.071,0.967,0.0,0.967,16,1
1673,148,1.725,1.137,0.659,0.0,0.875,13,1
1776,150,1.731,0.885,0.511,0.0,0.767,14,1
1593,119,2.143,2.071,0.967,0.0,1.0,16,1
1631,148,6.0,5.6,0.933,0.0,0.989,13,1
1498,121,1.098,0.451,0.411,0.0,0.967,22,1
1669,117,7.5,7.5,1.0,0.0,1.0,13,1
382,16,0.096,0.006,0.067,0.0,0.667,16,1
1601,115,3.0,2.724,0.908,0.0,0.977,16,1
1767,512,1.304,1.101,0.844,0.0,0.911,14,1
1608,146,1.978,1.867,0.944,0.0,0.955,16,1
1784,114,0.457,0.266,0.581,0.0,0.895,17,1
1764,183,2.0,1.907,0.953,0.0,0.953,16,1
1602,147,1.745,1.196,0.685,0.0,0.888,13,1
209,43,2.143,2.143,1.0,0.0,1.0,10,1
276,45,2.143,2.143,1.0,0.0,1.0,10,1
1795,139,2.119,2.024,0.955,0.0,0.978,16,1
1758,110,1.127,0.57,0.506,0.0,0.944,13,1
1794,127,1.854,1.771,0.955,0.0,0.966,16,1
187,28,2.143,2.143,1.0,0.0,1.0,10,1
1670,127,2.781,2.781,1.0,0.0,1.0,16,1
1631,153,2.171,2.098,0.966,0.0,0.978,16,1
1816,131,0.494,0.278,0.563,0.0,0.839,13,1
1644,107,7.5,7.5,1.0,0.0,1.0,13,1
1717,192,6.429,6.0,0.933,0.0,0.978,14,1
1697,126,1.837,1.735,0.944,0.0,0.944,16,1
1581,120,1.796,1.673,0.932,0.0,0.989,16,1
1765,121,6.846,6.769,0.989,0.0,0.989,13,1
1606,116,2.146,2.073,0.966,0.0,0.989,16,1
1530,730,1.304,1.217,0.933,0.0,0.922,16,1
1670,143,2.967,2.633,0.888,0.0,0.966,16,1
1638,152,2.119,2.0,0.944,0.0,0.989,16,1
1719,134,2.119,2.048,0.966,0.0,0.978,16,1
1711,135,2.143,1.976,0.922,0.0,0.978,16,1
1566,125,1.956,1.867,0.955,0.0,0.989,16,1
1706,140,2.095,2.024,0.966,0.0,0.966,16,1
1587,131,1.854,1.729,0.933,0.0,0.978,16,1
1917,216,0.726,0.669,0.922,0.0,0.989,65,1
1804,100,0.386,0.069,0.179,0.0,0.462,21,1
1672,150,0.379,0.175,0.463,0.0,0.746,14,1
1515,123,2.697,2.394,0.888,0.0,0.955,16,1
712,77,0.583,0.1,0.171,0.0,0.429,33,1
308,31,1.0,0.674,0.674,0.0,0.965,10,1
1542,123,0.845,0.592,0.701,0.0,0.908,10,1
1608,144,6.0,5.6,0.933,0.0,0.956,14,1
1838,204,2.316,2.184,0.943,0.0,0.943,16,1
1487,419,1.0,0.978,0.978,0.0,1.0,16,1
1591,388,1.147,0.667,0.581,0.0,0.767,14,1
1766,142,2.171,2.0,0.921,0.0,0.933,16,1
1518,606,1.299,1.149,0.885,0.0,0.977,14,1
1655,153,3.107,3.107,1.0,0.0,1.0,16,1
1680,131,2.045,2.023,0.989,0.0,1.0,16,1
1738,140,6.429,6.214,0.967,0.0,0.989,13,1
1698,161,2.07,1.93,0.933,0.0,0.933,16,1
1774,155,0.468,0.221,0.472,0.0,0.809,14,1
1680,148,1.483,0.776,0.523,0.0,0.826,14,1
1744,130,0.468,0.117,0.25,0.0,0.67,13,1
1689,145,0.906,0.385,0.425,0.0,0.828,13,1
1524,2059,1.419,1.097,0.773,0.0,0.83,14,1
1630,113,2.171,2.049,0.944,0.0,1.0,16,1
1682,116,1.776,1.694,0.954,0.0,0.989,16,1
1773,149,2.171,2.049,0.944,0.0,0.989,16,1
1631,148,2.119,2.0,0.944,0.0,1.0,16,1
1809,155,0.908,0.459,0.506,0.0,0.843,14,1
1716,122,1.833,1.75,0.955,0.0,0.989,16,1
1746,131,1.192,0.63,0.529,0.023,0.851,14,1
1671,130,2.15,2.075,0.965,0.0,0.988,16,1
1670,130,1.854,1.729,0.933,0.0,0.955,16,1
1730,120,2.095,2.024,0.966,0.0,0.977,16,1
1763,163,2.0,1.932,0.966,0.0,0.977,16,1
1772,566,1.222,1.083,0.886,0.0,0.943,14,1
1700,165,2.119,2.048,0.966,0.0,0.966,16,1
1719,165,1.526,0.772,0.506,0.0,0.839,17,1
1610,444,1.036,0.905,0.874,0.0,0.954,20,1
1656,149,1.72,1.26,0.733,0.0,0.884,14,1
1285,412,0.726,0.685,0.944,0.0,0.989,72,1
1896,2126,1.459,1.066,0.73,0.0,0.787,14,1
388,27,0.102,0.006,0.062,0.0,0.562,13,1
1626,147,6.923,6.923,1.0,0.0,1.0,16,1
1519,119,2.119,2.0,0.944,0.0,0.955,16,1
1875,366,1.16,0.68,0.586,0.0,0.828,14,1
1669,144,0.705,0.336,0.477,0.0,0.802,14,1
1501,105,0.607,0.444,0.732,0.0,0.939,20,1
1628,139,6.923,6.846,0.989,0.0,0.989,13,1
1420,138,0.907,0.66,0.727,0.0,0.955,16,1
1707,132,3.107,3.107,1.0,0.0,1.0,16,1
1667,175,2.07,1.977,0.955,0.0,0.966,16,1
1540,125,2.195,2.049,0.933,0.0,0.989,16,1
1673,139,2.171,2.049,0.944,0.0,0.978,16,1
1571,140,1.796,1.673,0.932,0.0,0.966,16,1
1556,124,1.851,0.936,0.506,0.0,0.931,13,1
1806,143,3.179,3.179,1.0,0.0,1.0,16,1
1586,117,2.378,2.216,0.932,0.0,0.966,16,1
1837,108,1.475,0.678,0.46,0.0,0.931,13,1
1832,637,1.271,1.1,0.865,0.0,0.955,14,1
1587,131,2.143,2.048,0.956,0.0,0.967,16,1
1709,64,0.343,0.071,0.206,0.0,0.324,21,1
1875,2059,1.459,1.066,0.73,0.0,0.798,20,1
1673,137,6.923,6.692,0.967,0.0,1.0,13,1
1526,393,1.133,0.68,0.6,0.0,0.8,16,1
1524,518,1.25,1.069,0.856,0.0,0.9,14,1
1678,115,6.429,6.214,0.967,0.0,0.989,13,1
1574,102,1.542,1.438,0.932,0.0,0.973,16,1
1684,122,0.426,0.059,0.14,0.0,0.395,30,1
1655,231,0.896,0.677,0.756,0.0,1.0,16,1
1519,271,1.328,0.851,0.64,0.0,0.921,10,1
1786,153,2.143,2.071,0.967,0.0,0.989,16,1
1605,178,0.415,0.216,0.521,0.0,0.877,17,1
1715,161,3.179,3.179,1.0,0.0,1.0,16,1
1687,134,2.225,2.125,0.955,0.0,1.0,16,1
1693,160,6.357,6.0,0.944,0.0,0.978,13,1
1702,94,6.357,6.071,0.955,0.0,0.989,13,1
1657,145,5.562,5.562,1.0,0.0,1.0,16,1
1503,132,2.146,2.024,0.943,0.0,0.977,16,1
1681,131,1.534,0.759,0.494,0.0,0.843,14,1
1686,142,0.286,0.122,0.427,0.0,0.78,13,1
1528,491,1.06,0.917,0.865,0.0,0.966,16,1
380,9,0.109,0.0,0.0,0.0,0.867,16,1
1540,523,1.222,1.083,0.886,0.0,0.989,16,1
1555,821,1.304,1.188,0.911,0.0,0.922,16,1
1732,167,0.438,0.274,0.625,0.0,0.797,44,1
1751,136,2.195,2.073,0.944,0.0,0.978,16,1
1620,117,2.171,2.049,0.944,0.0,0.978,16,1
1879,803,1.29,1.203,0.933,0.0,0.933,14,1
1757,124,2.125,2.05,0.965,0.0,0.976,16,1
1891,2135,1.475,1.049,0.711,0.0,0.8,16,1
1605,175,3.179,2.929,0.921,0.0,0.944,14,1
1562,908,1.413,1.111,0.787,0.0,0.831,16,1
1728,142,2.143,2.048,0.956,0.0,0.989,16,1
1850,112,0.769,0.393,0.511,0.0,0.933,14,1
1736,98,6.429,6.143,0.956,0.0,0.989,14,1
1506,1080,1.475,1.098,0.744,0.0,0.778,20,1
1629,153,3.462,3.462,1.0,0.0,1.0,16,1
1528,484,1.304,1.145,0.878,0.0,0.878,16,1
1878,612,1.25,1.097,0.878,0.0,0.967,16,1
1711,124,2.324,1.622,0.698,0.0,0.907,13,1
1701,114,1.875,1.771,0.944,0.0,0.989,16,1
1778,162,1.6,0.8,0.5,0.0,0.83,13,1
1765,95,2.324,1.649,0.709,0.0,0.907,13,1
1652,136,1.607,0.786,0.489,0.0,0.833,14,1
1668,118,5.357,5.214,0.973,0.0,0.987,13,1
1616,132,0.648,0.361,0.557,0.0,0.772,13,1
1765,89,2.342,1.579,0.674,0.0,0.944,13,1
1530,275,0.966,0.523,0.541,0.0,0.906,13,1
1712,146,1.509,0.789,0.523,0.0,0.872,13,1
1799,150,2.143,2.071,0.967,0.0,0.967,16,1
1681,2097,0.726,0.685,0.944,0.0,1.0,65,1
1781,132,0.36,0.04,0.111,0.0,0.472,41,1
1576,88,0.495,0.082,0.167,0.0,0.5,25,1
1746,137,1.854,1.729,0.933,0.0,0.989,16,1
1519,842,1.304,1.217,0.933,0.0,0.956,14,1
1755,143,6.923,6.692,0.967,0.0,0.978,13,1
1797,104,1.745,1.216,0.697,0.022,0.91,13,1
1698,114,2.171,2.049,0.944,0.0,0.989,16,1
1878,129,1.837,1.224,0.667,0.0,0.844,13,1
1715,130,0.64,0.403,0.629,0.0,0.73,16,1
1696,199,1.554,0.839,0.54,0.0,0.793,14,1
1637,125,3.179,3.179,1.0,0.0,1.0,16,1
1698,127,6.923,6.846,0.989,0.0,0.989,14,1
1646,95,0.521,0.373,0.716,0.0,0.932,13,1
1682,213,0.492,0.328,0.667,0.0,0.989,14,1
1687,158,3.107,3.107,1.0,0.0,1.0,16,1
1623,147,2.171,2.024,0.933,0.0,0.989,16,1
1724,114,6.429,6.143,0.956,0.0,0.967,13,1
1654,107,1.6,0.782,0.489,0.0,0.898,14,1
234,18,2.143,2.143,1.0,0.0,1.0,10,1
1589,120,3.214,3.214,1.0,0.0,1.0,16,1
1623,198,2.256,2.154,0.955,0.0,0.966,16,1
1561,283,1.011,0.5,0.494,0.0,0.921,17,1
1517,140,2.143,2.071,0.967,0.0,0.978,16,1
574,346,0.431,0.397,0.922,0.0,1.0,65,1
1773,648,1.304,1.217,0.933,0.0,0.933,14,1
1812,183,2.308,2.154,0.933,0.0,0.956,16,1
1632,128,0.49,0.058,0.118,0.0,0.333,32,1
1665,109,1.544,0.649,0.42,0.0,0.852,13,1
1623,185,0.461,0.241,0.523,0.0,0.83,13,1
1665,146,2.122,2.0,0.943,0.0,0.989,16,1
1755,126,2.727,2.727,1.0,0.0,1.0,16,1
1624,196,0.897,0.68,0.759,0.0,0.943,17,1
219,8,0.657,0.445,0.678,0.0,0.967,10,1
1753,128,3.214,3.214,1.0,0.0,1.0,16,1
1629,329,1.173,0.667,0.568,0.0,0.795,14,1
1721,104,1.554,0.821,0.529,0.0,0.885,17,1
1543,473,1.275,1.116,0.875,0.0,0.909,16,1
1525,515,1.29,1.087,0.843,0.0,0.854,16,1
1629,121,2.697,2.697,1.0,0.0,1.0,16,1
1575,109,1.589,0.786,0.494,0.0,0.899,13,1
1514,825,1.304,1.188,0.911,0.0,0.933,16,1
1742,160,1.219,0.671,0.551,0.0,0.865,13,1
1544,405,1.162,0.635,0.547,0.0,0.837,14,1
1873,591,1.286,1.114,0.867,0.0,0.956,20,1
1757,127,2.25,2.2,0.978,0.0,0.978,16,1
1797,155,1.509,0.789,0.523,0.0,0.86,14,1
1522,94,0.372,0.016,0.044,0.0,0.779,16,1
1868,96,1.534,0.724,0.472,0.0,0.91,14,1
1748,129,3.143,3.143,1.0,0.0,1.0,16,1
1694,137,6.0,5.667,0.944,0.0,0.956,13,1
1501,145,6.429,6.0,0.933,0.0,0.989,13,1
1730,165,1.5,0.776,0.517,0.0,0.805,13,1
1571,130,2.093,1.953,0.933,0.0,0.944,16,1
1783,125,3.143,3.143,1.0,0.0,1.0,16,1
1821,165,6.0,5.533,0.922,0.0,0.967,13,1
1734,105,0.489,0.219,0.448,0.0,0.759,13,1
1743,138,2.146,2.049,0.955,0.0,0.989,16,1
1804,110,0.436,0.089,0.205,0.0,0.409,41,1
1644,125,2.781,2.781,1.0,0.0,1.0,16,1
1793,151,6.357,6.0,0.944,0.0,0.989,13,1
1686,114,1.544,0.789,0.511,0.0,0.909,17,1
1518,442,1.25,1.056,0.844,0.0,0.922,14,1
1515,97,0.47,0.022,0.046,0.0,0.69,16,1
1764,121,2.095,2.024,0.966,0.0,1.0,16,1
1625,101,1.554,0.786,0.506,0.0,0.931,13,1
1574,131,1.686,1.196,0.709,0.0,0.837,13,1
1763,93,1.692,0.731,0.432,0.0,0.83,13,1
1648,99,1.654,0.731,0.442,0.0,0.872,13,1
1512,2065,1.403,1.065,0.759,0.0,0.782,14,1
1556,966,1.429,1.111,0.778,0.0,0.911,14,1
1501,472,1.275,1.116,0.875,0.0,0.909,16,1
1677,124,1.517,0.759,0.5,0.0,0.727,13,1
1842,97,1.589,0.804,0.506,0.0,0.82,13,1
1623,123,2.2,2.125,0.966,0.0,0.989,16,1
1738,123,1.854,1.771,0.955,0.0,0.966,16,1
1583,157,3.462,3.462,1.0,0.0,1.0,16,1
1604,451,1.257,1.086,0.864,0.0,0.909,16,1
1687,118,3.6,3.6,1.0,0.0,1.0,16,1
1665,318,0.978,0.461,0.471,0.0,0.908,16,1
1521,68,0.426,0.188,0.442,0.0,0.86,13,1
1661,146,1.397,0.683,0.489,0.0,0.705,13,1
1520,907,1.413,1.143,0.809,0.0,0.843,14,1
1722,151,1.623,0.849,0.523,0.0,0.826,13,1
1576,132,3.107,3.107,1.0,0.0,1.0,16,1
1829,65,0.286,0.043,0.15,0.0,0.567,21,1
1575,134,2.119,2.0,0.944,0.0,0.978,16,1
1517,92,0.837,0.635,0.759,0.0,0.92,10,1
1510,1995,1.276,0.879,0.689,0.0,0.77,16,1
1787,162,2.119,1.952,0.921,0.0,0.921,16,1
1483,153,3.462,1.346,0.389,0.0,0.989,12,1
1679,127,2.146,2.0,0.932,0.0,0.977,16,1
1519,911,1.429,1.111,0.778,0.0,0.822,14,1
1750,106,1.5,0.724,0.483,0.0,0.885,14,1
1585,1979,1.475,1.049,0.711,0.0,0.756,16,1
1753,119,0.4,0.08,0.2,0.0,0.5,16,1
1722,152,2.095,2.024,0.966,0.0,0.966,16,1
1714,127,2.225,2.125,0.955,0.0,0.978,16,1
1624,162,0.642,0.037,0.058,0.0,0.269,30,1
1744,130,6.0,5.733,0.956,0.0,0.967,13,1
1641,123,1.413,0.667,0.472,0.0,0.798,13,1
309,33,2.143,2.143,1.0,0.0,1.0,10,1
1723,141,0.754,0.424,0.562,0.0,0.809,13,1
1649,98,1.611,0.556,0.345,0.0,0.828,13,1
224,48,2.143,2.143,1.0,0.0,1.0,10,1
1519,111,0.714,0.667,0.933,0.0,0.944,16,1
1827,137,1.796,1.245,0.693,0.0,0.852,13,1
1525,284,0.989,0.511,0.517,0.0,0.908,17,1
1657,172,1.712,0.865,0.506,0.0,0.742,14,1
1673,120,2.195,2.122,0.967,0.0,0.967,16,1
1544,277,0.887,0.649,0.733,0.0,0.953,17,1
1523,504,1.324,1.103,0.833,0.0,0.867,14,1
1799,134,2.171,2.049,0.944,0.0,0.978,16,1
1698,135,6.357,6.0,0.944,0.0,0.966,13,1
1738,125,0.664,0.336,0.506,0.0,0.911,13,1
1719,150,2.143,2.024,0.944,0.0,0.989,16,1
1666,152,0.738,0.361,0.489,0.0,0.822,13,1
1635,597,1.324,1.132,0.856,0.0,0.956,16,1
1833,142,2.812,2.812,1.0,0.0,1.0,16,1
1596,131,2.143,2.071,0.967,0.0,0.989,16,1
1773,128,0.449,0.162,0.36,0.0,0.753,13,1
1525,468,1.047,0.918,0.876,0.0,0.899,16,1
1697,149,3.52,3.52,1.0,0.0,1.0,16,1
1786,148,2.023,1.907,0.943,0.0,0.977,17,1
1761,125,0.511,0.264,0.517,0.0,0.798,14,1
1769,168,2.171,2.122,0.978,0.0,0.989,16,1
1676,139,1.894,0.872,0.461,0.0,0.899,13,1
328,4,0.083,0.006,0.077,0.0,0.615,0,1
1662,119,2.2,2.125,0.966,0.0,0.977,16,1
1768,118,2.171,2.024,0.933,0.0,1.0,16,1
233,52,2.143,2.143,1.0,0.0,1.0,10,1
1745,200,1.63,0.796,0.489,0.0,0.761,13,1
1889,140,0.452,0.223,0.494,0.0,0.798,14,1
1737,155,1.618,0.8,0.494,0.0,0.82,14,1
1659,86,1.623,0.698,0.43,0.0,0.884,13,1
1631,214,2.368,2.237,0.944,0.0,0.956,14,1
1508,267,0.955,0.573,0.6,0.0,0.882,16,1
1710,134,3.214,3.214,1.0,0.0,1.0,16,1
1734,111,1.491,0.684,0.459,0.0,0.824,13,1
375,11,0.102,0.013,0.125,0.0,0.688,14,1
1604,112,1.458,0.695,0.477,0.0,0.837,13,1
1657,159,0.508,0.277,0.544,0.0,0.922,13,1
1745,114,2.75,2.75,1.0,0.0,1.0,16,1
1618,173,2.282,2.128,0.933,0.0,0.944,16,1
1762,176,6.429,6.0,0.933,0.0,0.967,13,1
1801,121,0.744,0.393,0.529,0.0,0.862,13,1
1845,130,2.781,2.781,1.0,0.0,1.0,16,1
1589,189,6.429,5.571,0.867,0.0,0.967,13,1
1798,140,1.509,0.772,0.512,0.0,0.826,14,1
1677,134,2.2,2.125,0.966,0.0,1.0,16,1
1875,142,6.429,6.0,0.933,0.0,0.989,13,1
1691,139,3.143,3.143,1.0,0.0,1.0,16,1
342,8,0.102,0.006,0.062,0.0,0.625,16,1
1713,129,2.25,2.175,0.967,0.0,0.989,16,1
1894,2091,1.426,1.033,0.724,0.0,0.805,16,1
1698,123,2.781,2.781,1.0,0.0,1.0,16,1
1566,123,2.812,2.812,1.0,0.0,1.0,16,1
1725,591,1.309,1.147,0.876,0.0,0.944,16,1
1780,130,0.37,0.038,0.103,0.0,0.544,14,1
1869,302,0.932,0.523,0.561,0.0,0.89,13,1
1635,98,1.564,0.782,0.5,0.0,0.942,13,1
1533,901,1.413,1.111,0.787,0.0,0.831,14,1
1752,116,1.833,1.729,0.943,0.0,0.989,16,1
1719,137,1.816,1.735,0.955,0.0,0.989,16,1
1501,379,0.965,0.488,0.506,0.0,0.88,20,1
1503,104,0.817,0.644,0.788,0.0,0.965,10,1
1631,226,4.19,4.19,1.0,0.0,1.0,16,1
1652,299,0.956,0.5,0.523,0.0,0.907,10,1
1698,132,2.095,1.929,0.92,0.0,0.977,16,1
143,22,2.143,2.143,1.0,0.0,1.0,10,1
1745,134,2.047,1.93,0.943,0.0,0.966,16,1
1651,96,1.517,0.776,0.511,0.0,0.92,14,1
1777,165,2.119,2.048,0.966,0.0,0.989,16,1
367,36,2.143,2.143,1.0,0.0,1.0,10,1
1668,1801,1.435,1.065,0.742,0.0,0.82,16,1
1513,141,3.708,3.708,1.0,0.0,1.0,16,1
1697,131,1.978,1.867,0.944,0.0,0.966,16,1
1730,130,0.746,0.364,0.489,0.0,0.807,14,1
1635,130,2.967,2.767,0.933,0.0,0.989,16,1
1607,113,1.692,0.692,0.409,0.0,0.886,16,1
1628,142,3.214,3.214,1.0,0.0,1.0,16,1
1749,112,0.611,0.319,0.523,0.0,0.773,13,1
1476,158,2.812,2.406,0.856,0.0,0.878,16,1
1809,130,1.854,1.75,0.944,0.0,0.978,16,1
1689,104,6.923,6.769,0.978,0.0,0.978,13,1
1825,483,1.236,1.042,0.843,0.0,0.888,14,1
1748,466,1.304,1.101,0.844,0.0,0.922,16,1
1736,123,1.72,1.18,0.686,0.0,0.849,13,1
1568,101,2.781,2.781,1.0,0.0,1.0,16,1
1716,61,0.31,0.02,0.065,0.0,0.548,20,1
1649,142,0.475,0.29,0.609,0.0,0.862,13,1
1632,156,2.095,2.024,0.966,0.0,1.0,16,1
1809,141,2.143,2.071,0.967,0.0,0.978,16,1
1624,147,2.171,2.024,0.933,0.0,1.0,17,1
1809,198,2.282,2.128,0.933,0.0,0.944,16,1
1874,350,1.187,0.667,0.562,0.0,0.865,16,1
1666,147,2.093,1.93,0.922,0.0,0.956,16,1
1643,153,2.143,2.024,0.944,0.0,0.978,16,1
311,52,2.195,2.195,1.0,0.0,1.0,13,1
142,22,2.143,2.143,1.0,0.0,1.0,10,1
1629,179,0.461,0.257,0.557,0.0,0.864,13,1
1572,136,6.429,6.286,0.978,0.0,1.0,13,1
1669,161,2.048,1.905,0.93,0.0,0.942,16,1
1597,117,0.383,0.037,0.098,0.049,0.415,13,1
1486,111,1.154,0.423,0.367,0.0,0.956,22,1
1746,165,6.429,6.143,0.956,0.0,0.967,13,1
239,5,0.064,0.006,0.1,0.0,0.7,13,1
1648,141,6.357,6.357,1.0,0.0,1.0,16,1
1566,157,6.429,6.0,0.933,0.0,0.967,13,1
1631,164,2.282,2.128,0.933,0.0,0.933,16,1
1645,138,6.429,6.0,0.933,0.0,0.967,14,1
1801,117,0.39,0.08,0.205,0.0,0.308,18,1
1502,289,0.933,0.533,0.571,0.0,0.929,20,1
204,37,2.119,2.119,1.0,0.0,1.0,10,1
1610,197,0.698,0.294,0.42,0.0,0.773,14,1
1536,126,2.093,1.953,0.933,0.0,0.956,16,1
1858,1637,1.426,1.098,0.77,0.0,0.77,14,1
1894,623,1.294,1.176,0.909,0.0,0.92,14,1
1545,322,1.145,0.671,0.586,0.0,0.816,14,1
1773,184,2.093,1.953,0.933,0.0,0.978,17,1
1695,125,2.679,2.679,1.0,0.0,1.0,16,1
1755,112,2.231,1.513,0.678,0.0,0.931,14,1
1676,116,6.846,6.769,0.989,0.0,0.989,13,1
1743,128,1.833,1.729,0.943,0.0,0.977,16,1
1519,579,1.271,1.1,0.865,0.0,0.955,20,1
1726,121,1.554,0.768,0.494,0.0,0.885,14,1
1702,289,1.011,0.511,0.506,0.0,0.876,20,1
1675,127,1.561,0.754,0.483,0.0,0.865,16,1
1598,140,2.903,2.548,0.878,0.0,0.944,16,1
1851,106,1.169,0.61,0.522,0.0,0.789,13,1
1569,147,3.179,3.179,1.0,0.0,1.0,16,1
1477,128,6.429,5.929,0.922,0.0,0.933,14,1
1861,2166,1.475,1.033,0.7,0.0,0.767,16,1
1662,127,6.923,6.923,1.0,0.0,1.0,14,1
1621,147,2.195,2.049,0.933,0.0,0.978,16,1
1654,141,1.552,0.724,0.467,0.022,0.756,13,1
1523,191,3.103,1.241,0.4,0.0,0.978,22,1
1689,113,2.119,2.024,0.955,0.0,0.989,16,1
1663,134,2.967,2.6,0.876,0.0,0.966,16,1
1646,1102,1.429,1.079,0.756,0.0,0.8,14,1
1525,368,1.132,0.697,0.616,0.0,0.86,20,1
1544,439,1.286,1.086,0.844,0.0,0.933,16,1
1750,382,1.173,0.667,0.568,0.0,0.83,16,1
1660,153,6.357,5.929,0.933,0.0,0.966,13,1
1699,160,2.5,2.25,0.9,0.0,0.967,17,1
340,47,0.071,0.044,0.615,0.062,0.615,44,1
1560,131,2.175,2.1,0.966,0.0,0.977,16,1
147,33,2.143,2.143,1.0,0.0,1.0,10,1
1677,148,1.978,1.889,0.955,0.0,0.966,16,1
1742,166,1.618,0.8,0.494,0.0,0.73,17,1
1638,143,2.171,2.049,0.944,0.0,0.989,16,1
1620,204,0.878,0.663,0.756,0.0,0.93,17,1
1643,115,0.234,0.015,0.065,0.0,0.435,14,1
1675,142,1.978,0.867,0.438,0.0,0.899,13,1
1754,150,3.667,3.667,1.0,0.0,1.0,16,1
1754,111,0.625,0.318,0.509,0.0,0.636,44,1
1673,382,1.187,0.693,0.584,0.0,0.831,14,1
1749,146,2.071,1.976,0.954,0.0,0.977,16,1
1735,143,1.589,0.75,0.472,0.0,0.91,13,1
1753,151,2.146,2.024,0.943,0.0,0.966,16,1
1668,140,2.231,1.59,0.713,0.0,0.897,13,1
1771,143,1.978,1.889,0.955,0.0,0.955,16,1
1613,193,0.449,0.202,0.449,0.0,0.764,14,1
1661,249,0.896,0.667,0.744,0.0,0.907,10,1
1687,265,0.977,0.568,0.581,0.0,0.86,17,1
1630,157,0.509,0.272,0.534,0.0,0.841,14,1
1519,298,0.807,0.275,0.341,1.648,0.932,13,1
1607,125,2.719,2.719,1.0,0.0,1.0,16,1
1530,117,6.923,6.846,0.989,0.0,0.989,13,1
1796,129,0.347,0.079,0.229,0.0,0.514,24,1
1719,96,1.593,0.685,0.43,0.0,0.86,13,1
1699,185,2.119,1.976,0.933,0.0,0.989,16,1
1543,2181,1.459,1.082,0.742,0.0,0.764,14,1
1410,241,0.726,0.685,0.944,0.0,0.989,72,1
1641,140,2.2,2.1,0.955,0.0,0.977,16,1
1786,123,1.956,1.889,0.966,0.0,0.977,16,1
1789,100,6.429,6.071,0.944,0.0,0.978,13,1
1551,477,1.25,1.056,0.844,0.0,0.9,14,1
1781,87,0.406,0.089,0.22,0.0,0.439,22,1
1896,701,1.304,1.217,0.933,0.0,0.933,16,1
1633,202,2.342,2.211,0.944,0.0,0.933,14,1
1528,155,3.069,2.793,0.91,0.0,0.91,16,1
1660,104,1.74,1.22,0.701,0.0,0.874,13,1
1570,481,1.06,0.905,0.854,0.0,0.91,16,1
1652,154,3.069,2.897,0.944,0.0,0.933,16,1
1683,140,2.146,2.024,0.943,0.0,1.0,16,1
1859,141,2.119,2.0,0.944,0.0,0.989,16,1
1768,106,0.461,0.228,0.494,0.0,0.888,13,1
1751,135,3.179,3.179,1.0,0.0,1.0,16,1
1727,148,2.143,2.048,0.956,0.0,0.956,16,1
1528,115,1.654,0.692,0.419,0.0,0.895,13,1
1670,130,2.171,2.0,0.921,0.0,0.989,16,1
1759,132,3.6,3.6,1.0,0.0,1.0,16,1
1722,184,0.473,0.271,0.573,0.0,0.91,14,1
1681,124,2.146,2.024,0.943,0.0,0.966,16,1
1764,119,3.667,3.667,1.0,0.0,1.0,16,1
1512,372,0.977,0.465,0.476,0.0,0.881,20,1
1675,165,2.119,2.048,0.966,0.0,0.966,16,1
1537,135,3.56,3.56,1.0,0.0,1.0,16,1
777,458,1.216,1.189,0.978,0.0,1.0,14,1
1678,144,0.721,0.27,0.375,0.023,0.693,14,1
1631,177,0.742,0.358,0.483,0.0,0.719,14,1
1505,267,0.977,0.545,0.558,0.0,0.849,20,1
1592,109,3.214,1.321,0.411,0.0,0.989,14,1
1688,184,0.486,0.35,0.719,0.0,0.966,17,1
1616,154,2.143,1.976,0.922,0.0,0.956,16,1
1664,79,1.745,0.706,0.404,0.0,0.921,16,1
1504,133,1.854,1.75,0.944,0.0,0.978,16,1
1702,187,2.282,2.128,0.933,0.0,0.944,16,1
1706,132,2.812,2.812,1.0,0.0,1.0,16,1
441,287,2.543,2.514,0.989,0.0,1.0,20,1
1817,117,2.171,2.049,0.944,0.0,0.966,16,1
1755,150,3.143,3.143,1.0,0.0,1.0,16,1
1768,143,2.0,1.911,0.956,0.0,0.956,16,1
1719,100,1.642,0.83,0.506,0.0,0.943,16,1
1522,2008,1.435,1.048,0.73,0.0,0.82,14,1
1574,115,1.851,1.787,0.966,0.0,0.989,16,1
1746,160,1.579,0.789,0.5,0.0,0.844,14,1
1806,126,1.812,1.729,0.954,0.0,1.0,16,1
1606,221,0.875,0.677,0.774,0.0,0.976,20,1
1587,168,6.429,5.929,0.922,0.0,0.956,13,1
1673,174,1.589,0.821,0.517,0.0,0.831,17,1
1679,125,1.875,1.75,0.933,0.0,1.0,16,1
1548,93,0.429,0.217,0.506,0.0,0.894,13,1
1484,102,0.846,0.635,0.75,0.0,0.932,10,1
1550,456,1.059,0.941,0.889,0.0,0.967,14,1
1626,249,2.378,2.216,0.932,0.0,0.932,16,1
1761,136,1.837,1.755,0.956,0.0,0.989,16,1
1529,249,2.378,2.243,0.943,0.0,0.977,16,1
1875,110,6.357,6.0,0.944,0.0,0.978,14,1
1543,150,2.047,1.907,0.932,0.0,0.943,16,1
1781,135,3.214,3.214,1.0,0.0,1.0,16,1
312,70,2.143,2.143,1.0,0.0,1.0,10,1
1781,178,0.453,0.203,0.448,0.0,0.805,14,1
1623,281,0.966,0.529,0.548,0.0,0.929,17,1
1792,110,0.416,0.069,0.167,0.0,0.452,25,1
1719,1006,1.413,1.111,0.787,0.0,0.809,16,1
1638,140,6.769,6.769,1.0,0.0,1.0,16,1
1672,122,1.796,1.714,0.955,0.0,0.977,16,1
1593,158,1.561,0.737,0.472,0.0,0.787,13,1
1623,147,2.048,1.929,0.942,0.0,0.965,16,1
1720,91,1.582,0.727,0.46,0.0,0.897,13,1
251,31,2.143,2.143,1.0,0.0,1.0,10,1
1807,149,2.119,2.024,0.955,0.0,0.989,16,1
1545,582,1.222,1.097,0.898,0.0,0.955,14,1
1506,147,0.738,0.393,0.533,0.0,0.822,13,1
1558,432,1.145,0.645,0.563,0.0,0.839,16,1
1713,120,2.171,2.073,0.955,0.0,0.955,16,1
1632,117,2.812,2.812,1.0,0.0,1.0,16,1
1694,116,2.781,2.781,1.0,0.0,1.0,16,1
1613,121,3.179,3.179,1.0,0.0,1.0,16,1
1534,2074,1.452,1.065,0.733,0.0,0.811,16,1
1751,143,3.214,3.214,1.0,0.0,1.0,16,1
1806,169,2.023,1.818,0.899,0.0,0.921,16,1
1705,147,5.625,5.062,0.9,0.0,0.967,13,1
1629,122,2.75,2.75,1.0,0.0,1.0,16,1
1702,100,2.432,1.189,0.489,0.0,0.956,14,1
1879,737,1.304,1.203,0.922,0.0,0.956,16,1
1888,172,0.726,0.556,0.767,0.0,0.856,22,1
379,923,0.524,0.006,0.011,1.562,0.865,0,0
150,169,0.183,0.01,0.056,2.089,0.9,0,0
179,608,0.109,0.028,0.259,0.074,1.0,9,0
244,249,0.657,0.015,0.023,1.443,0.932,4,0
127,367,0.214,0.0,0.0,0.0,1.0,25,0
1165,523,0.155,0.003,0.022,1.156,0.7,17,0
680,267,3.033,0.0,0.0,0.253,0.857,1,0
65,90,1.444,0.032,0.022,0.418,0.879,8,0
1299,1747,0.299,0.034,0.113,0.388,1.0,4,0
319,757,0.125,0.006,0.044,0.767,0.756,2,0
274,293,0.26,0.0,0.0,0.2,0.233,13,0
254,291,0.804,0.0,0.0,2.022,0.989,0,0
330,1030,0.036,0.0,0.0,0.0,1.0,0,0
303,280,0.248,0.017,0.067,0.489,0.944,3,0
373,697,0.057,0.0,0.0,0.8,0.8,5,0
373,459,0.033,0.0,0.0,0.5,1.0,9,0
185,178,0.188,0.0,0.0,1.667,1.0,129,0
110,211,0.043,0.0,0.0,0.0,0.462,11,0
200,1020,0.216,0.0,0.0,1.025,0.797,7,0
486,861,1.011,0.022,0.022,0.308,0.956,0,0
214,270,0.566,0.025,0.044,0.9,1.0,3,0
185,396,0.193,0.004,0.022,1.034,0.596,0,0
255,441,0.308,0.0,0.0,0.022,0.633,3,0
627,1248,0.121,0.0,0.0,0.118,0.471,2,0
266,511,0.031,0.0,0.0,0.286,0.429,1,0
347,12401428,0.938,0.0,0.0,0.267,0.933,9,0
289,901,0.552,0.258,0.467,0.556,0.956,9,0
125,1746,0.218,0.0,0.0,0.4,0.956,23,0
828,470,0.491,0.006,0.012,0.118,0.835,0,0
204,177,0.059,0.016,0.271,1.203,0.678,18,0
2798,4038,3.75,0.0,0.0,0.6,0.533,16,0
524,996,0.333,0.0,0.0,0.382,0.36,16,0
288,1536,0.015,0.0,0.0,0.0,0.833,12,0
509,1052,0.045,0.0,0.0,0.0,0.8,4,0
300,507,0.01,0.0,0.0,1.75,1.0,24,0
191,6206,0.091,0.002,0.021,0.562,0.812,18,0
208,448,0.03,0.0,0.0,0.81,0.905,19,0
320,422,0.143,0.003,0.022,1.556,0.9,15,0
187,233,0.189,0.002,0.011,0.589,0.9,0,0
371,790,0.23,0.0,0.0,1.343,0.914,0,0
568,2298,0.07,0.0,0.0,0.0,1.0,9,0
202,331,0.116,0.0,0.0,0.0,0.806,4,0
136,214,0.153,0.063,0.411,0.411,0.8,21,0
177,316,0.102,0.0,0.0,0.344,0.733,0,0
216,223,0.127,0.001,0.011,1.544,0.767,3,0
2000,889,0.192,0.004,0.022,0.3,0.822,3,0
404,758,0.157,0.005,0.033,0.833,0.956,17,0
448,654,0.435,0.0,0.0,0.167,1.0,128,0
222,383,0.066,0.003,0.038,0.077,0.962,8,0
439,23686648,0.874,0.039,0.044,0.8,0.989,30,0
300,926,0.26,0.0,0.0,0.472,0.764,8,0
305,984,0.064,0.015,0.227,0.523,0.932,2,0
255,778,0.209,0.016,0.078,0.211,0.889,0,0
549,260,0.239,0.088,0.371,1.27,0.831,66,0
1063,2707,0.521,0.072,0.138,0.264,0.931,34,0
361,634,0.168,0.009,0.056,1.967,0.911,0,0
109,791780,22.75,4.25,0.187,0.286,0.978,0,0
241,303685,2.368,0.079,0.033,0.889,0.956,7,0
19,205528,6.429,0.143,0.022,0.544,0.978,10,0
1617,18364,27.0,0.0,0.0,0.0,1.0,0,0
1606,16918,24.0,0.0,0.0,0.0,1.0,13,0
133,6958,0.867,0.0,0.0,0.264,0.967,7,0
43,1569502,0.948,0.396,0.418,0.956,1.0,13,0
402,3182,0.398,0.022,0.056,0.189,0.889,12,0
86,13155,0.227,0.0,0.0,0.022,0.089,6,0
69,1132950,0.186,0.006,0.033,0.242,0.231,12,0
5,310431,0.121,0.0,0.0,0.0,0.532,14,0
45,189587,9.0,0.1,0.011,2.2,1.0,33,0
514,112706,1.294,0.103,0.08,0.284,0.875,0,0
61,210365,0.495,0.011,0.022,0.418,1.0,7,0
158,12035,0.679,0.015,0.022,0.44,0.901,5,0
27,1584362,0.286,0.016,0.055,0.132,0.989,21,0
17,509005,2.395,0.0,0.0,0.0,1.0,136,0
23,833,0.185,0.004,0.02,0.08,0.78,4,0
238,2243032,3.957,0.0,0.0,0.143,0.868,2,0
49,539179,1.854,0.188,0.101,1.146,1.0,57,0
141,4029896,18.0,0.4,0.022,0.756,0.956,0,0
462,26792,1.268,0.085,0.067,0.667,0.944,16,0
1785,6672,0.182,0.0,0.0,0.066,0.967,13,0
648,625,0.275,0.003,0.012,0.0,0.814,134,0
280,1286,0.295,0.023,0.078,0.378,0.867,0,0
468,35612,8.0,0.0,0.0,0.0,1.0,4,0
560,6277,0.297,0.0,0.0,0.165,0.945,4,0
27,5701,0.09,0.0,0.0,0.522,0.971,0,0
143,6312,0.141,0.033,0.235,0.198,0.827,21,0
1274,8192,0.051,0.034,0.667,0.667,1.0,0,0
517,847,0.259,0.032,0.122,1.022,0.967,15,0
208,2359,0.144,0.098,0.678,1.4,0.911,58,0
242,1598,0.212,0.014,0.065,0.761,0.761,131,0
12,1949,0.515,0.364,0.706,0.024,0.906,134,0
111,5098,0.763,0.144,0.189,0.7,0.744,36,0
428,3114,6.5,0.071,0.011,0.044,0.989,127,0
152,5873,1.0,0.108,0.108,0.386,0.976,4,0
927,874,0.342,0.308,0.902,0.098,0.988,46,0
1982,10461,0.584,0.208,0.356,0.067,0.433,40,0
33,190,0.036,0.0,0.0,0.0,0.133,0,0
410,420,9.667,0.0,0.0,0.0,1.0,136,0
2208,2358,1.698,0.396,0.233,1.578,0.889,18,0
281,1352,0.151,0.105,0.692,1.385,0.923,5,0
133,13527,0.063,0.0,0.0,1.0,0.75,3,0
1844,2558,0.341,0.23,0.674,0.551,0.831,17,0
1885,41771,0.183,0.08,0.44,0.227,0.787,54,0
73,648,0.067,0.0,0.0,0.0,0.938,4,0
648,3110,5.625,0.188,0.033,0.111,0.878,9,0
62,647,0.42,0.0,0.0,1.893,0.619,4,0
574,501,0.573,0.051,0.089,1.033,0.522,0,0
58,387,0.672,0.015,0.022,1.033,0.633,0,0
1878,3047,1.044,0.029,0.028,0.113,0.901,135,0
1649,711,4.5,0.0,0.0,0.0,1.0,116,0
872,532,0.327,0.081,0.247,0.517,0.966,73,0
1680,938,0.257,0.023,0.089,0.089,0.233,133,0
1136,3021,0.706,0.092,0.131,0.714,0.774,0,0
1441,859,0.029,0.02,0.7,0.2,0.9,9,0
1533,4649,0.373,0.057,0.152,0.152,0.646,0,0
1776,1338,0.908,0.48,0.528,0.416,0.865,43,0
1767,3812,0.355,0.037,0.105,0.0,0.465,29,0
244,1644,0.293,0.003,0.011,0.382,0.955,24,0
1198,3999,0.462,0.462,1.0,0.0,0.967,113,0
416,487,0.273,0.045,0.167,0.378,0.844,3,0
77,10690,0.352,0.094,0.267,0.044,0.778,57,0
1144,3444,0.353,0.004,0.011,0.4,0.289,0,0
213,162,0.266,0.006,0.022,1.311,0.867,21,0
0,2657,1.0,0.0,0.0,0.0,0.0,2,0
1103,999,0.243,0.088,0.363,0.582,0.923,14,0
234,1604,0.194,0.129,0.667,1.0,1.0,43,0
936,1656,1.059,0.4,0.378,0.333,0.789,10,0
1933,3860,0.796,0.027,0.033,0.089,1.0,1,0
1994,18308,0.314,0.049,0.156,0.133,0.822,11,0
253,245,1.0,0.0,0.0,0.11,1.0,3,0
210,1759236,0.75,0.0,0.0,1.0,1.0,4,0
204,7798,0.474,0.0,0.0,0.033,0.922,24,0
915,64522,0.616,0.014,0.022,0.778,0.878,4,0
194,243,0.175,0.002,0.011,0.8,0.733,5,0
63,57,0.232,0.037,0.159,0.273,0.841,0,0
144,125,0.098,0.014,0.138,0.741,0.603,25,0
419,184,0.154,0.034,0.222,0.189,0.811,0,0
148,173,0.342,0.085,0.247,0.292,0.978,6,0
72,2310805,0.58,0.076,0.132,0.474,0.882,4,0
3,1345736,0.455,0.01,0.022,0.411,0.6,7,0
217,16467759,0.38,0.055,0.144,0.644,0.922,13,0
129,153,1.0,0.0,0.0,0.0,1.0,12,0
163,10108178,0.197,0.0,0.0,1.0,0.956,0,0
344,451,0.1,0.011,0.111,0.0,1.0,12,0
91,149,0.476,0.005,0.011,0.135,0.888,0,0
260,280,0.14,0.003,0.022,1.867,0.9,0,0
37,8711,0.566,0.013,0.022,0.411,1.0,0,0
258,316,0.093,0.008,0.083,0.354,0.875,27,0
344,546,0.455,0.005,0.011,0.144,0.911,0,0
209,209,0.18,0.006,0.033,2.611,0.833,12,0
589,216,0.018,0.004,0.231,0.538,1.0,10,0
271,2911438,0.234,0.0,0.0,0.7,0.817,3,0
1170,5940424,2.758,0.03,0.011,0.132,0.989,2,0
217,58972256,0.495,0.011,0.022,0.933,0.933,4,0
33,104,0.097,0.0,0.0,0.739,0.478,132,0
122,188,0.03,0.001,0.048,0.714,0.857,12,0
204,162,0.165,0.024,0.144,0.422,0.956,16,0
97,88,0.108,0.004,0.033,0.544,0.8,0,0
234,376,0.04,0.001,0.036,1.357,0.857,7,0
311,262,0.128,0.011,0.09,0.944,0.64,7,0
243,167,0.048,0.0,0.0,0.154,0.769,11,0
96,233,0.095,0.0,0.0,0.788,0.981,11,0
228,272,0.2,0.0,0.0,1.511,0.8,0,0
170,241,0.248,0.03,0.122,1.556,0.889,4,0
215,257,0.125,0.006,0.044,0.632,0.809,0,0
128,146,0.171,0.017,0.1,0.8,0.922,20,0
86,87,0.172,0.0,0.0,0.0,0.0,18,0
2757,627488,5.933,0.667,0.112,0.0,0.978,31,0
146,191,0.086,0.0,0.0,0.2,0.6,0,0
196,8783267,0.91,0.0,0.0,0.22,0.473,139,0
356,30222,1.034,0.276,0.267,0.867,0.833,52,0
447,414,0.245,0.024,0.1,3.778,0.789,0,0
97,150,0.449,0.005,0.011,0.273,0.875,5,0
79,99,0.065,0.045,0.692,0.062,0.785,39,0
273,577,1.5,0.033,0.022,0.844,0.911,6,0
273,228,0.056,0.0,0.0,0.545,0.5,8,0
881,396251,0.439,0.024,0.056,0.411,0.978,131,0
221,1367558,8.273,3.545,0.429,0.637,1.0,79,0
13,2782921,1.216,0.0,0.0,0.0,0.989,128,0
500,390,0.165,0.004,0.022,0.7,0.867,9,0
24,16,0.014,0.003,0.25,0.5,0.25,24,0
91,63,0.089,0.004,0.043,1.174,0.522,0,0
136,130,0.064,0.007,0.107,1.571,0.607,6,0
124,210,0.177,0.0,0.0,0.719,0.562,5,0
306,173,0.028,0.01,0.367,0.6,0.767,3,0
272,383,0.242,0.003,0.011,1.522,0.711,0,0
287,434,0.259,0.026,0.1,2.0,0.789,20,0
329,409,0.381,0.157,0.411,1.111,0.967,37,0
303,461,0.248,0.008,0.033,0.856,0.867,3,0
1982,4376,0.189,0.103,0.544,0.3,0.878,19,0
217,627,0.096,0.0,0.0,0.0,0.875,2,0
95,114,0.098,0.01,0.099,3.197,0.648,3,0
423,453,0.164,0.0,0.0,0.733,0.567,7,0
114,175,0.303,0.01,0.033,1.856,0.867,0,0
136,134,0.059,0.013,0.227,2.227,0.705,0,0
725,496,1.216,0.0,0.0,1.822,0.856,25,0
193,42,0.4,0.0,0.0,0.3,1.0,32,0
130,154,0.133,0.031,0.231,0.923,1.0,6,0
119,4833,1.607,0.018,0.011,2.078,0.844,0,0
313,120,0.108,0.001,0.011,0.483,0.897,4,0
36,115,0.083,0.001,0.016,0.143,0.873,0,0
1617,154493,0.126,0.071,0.567,0.2,0.967,135,0
103,146,0.147,0.015,0.101,0.697,0.831,0,0
158,1021,0.793,0.027,0.034,0.545,0.977,12,0
571,5038365,10.111,0.111,0.011,0.879,0.857,16,0
198,279,0.059,0.0,0.0,0.722,0.972,16,0
150,374,0.643,0.0,0.0,1.078,0.944,10,0
33,105488,5.562,0.062,0.011,1.034,0.989,24,0
1929,99,1.128,0.0,0.0,0.0,0.159,51,0
783,19,0.165,0.0,0.0,0.0,0.211,1,0
116,5258329,0.929,0.0,0.0,0.165,1.0,13,0
410,156,2.812,0.062,0.022,1.256,0.9,5,0
142,94,0.056,0.008,0.135,1.462,0.827,17,0
88,36,1.667,0.056,0.033,0.722,0.967,0,0
1821,194,5.0,5.0,1.0,0.0,1.0,27,0
44,6,0.152,0.0,0.0,0.4,0.8,1,0
561,437,0.173,0.04,0.233,0.622,0.944,16,0
157,585695,0.421,0.014,0.033,0.044,1.0,18,0
565,498,0.413,0.014,0.033,0.167,0.978,5,0
1958,666,0.101,0.094,0.929,0.0,0.357,131,0
139,1249356,45.5,0.5,0.011,0.154,1.0,11,0
139,863462,45.5,0.5,0.011,0.154,1.0,10,0
256,2999,15.0,0.0,0.0,0.0,1.0,9,0
490,631992,0.517,0.057,0.11,0.187,0.945,8,0
630,847916,12.5,0.0,0.0,0.213,0.947,132,0
171,221,0.228,0.0,0.0,0.429,0.929,0,0
136,110,0.121,0.012,0.097,0.167,0.778,9,0
256,155,0.258,0.009,0.034,2.068,0.932,5,0
87,181,0.143,0.002,0.011,0.556,0.8,3,0
310,464,0.108,0.006,0.057,1.443,0.875,3,0
605,5525,2.459,0.0,0.0,3.143,0.868,11,0
507,2919,2.432,0.027,0.011,0.4,1.0,115,0
786,35800,0.226,0.0,0.0,0.363,0.989,9,0
591,302,0.352,0.063,0.18,0.82,0.888,38,0
466,34149,0.652,0.0,0.0,0.156,0.933,30,0
1514,24629,22.5,1.0,0.044,0.189,1.0,64,0
253,278,0.038,0.004,0.1,0.2,0.9,0,0
2435,153897,0.9,0.02,0.022,0.111,0.433,17,0
170,13935,0.259,0.0,0.0,0.593,0.846,14,0
117,122,0.073,0.0,0.0,0.618,0.735,19,0
73,88,0.016,0.0,0.0,0.385,0.385,133,0
263,409,0.194,0.022,0.111,0.622,0.967,36,0
117,46,0.07,0.006,0.083,0.0,1.0,2,0
158,270,0.067,0.0,0.0,0.595,0.81,2,0
151,290,0.226,0.008,0.034,0.067,1.0,26,0
45,1810,0.03,0.0,0.0,0.333,0.238,35,0
444,1945079,0.487,0.0,0.0,0.293,1.0,8,0
21,2333,1.0,0.0,0.0,0.667,1.0,8,0
612,3503058,0.327,0.015,0.044,1.022,0.967,0,0
2000,4554,1.936,0.021,0.011,0.0,0.956,125,0
624,114276,2.231,0.026,0.011,0.0,0.954,136,0
1488,2772,0.769,0.0,0.0,0.233,0.778,135,0
57,1321191,0.204,0.006,0.027,0.712,0.904,35,0
96,388,0.101,0.003,0.033,1.144,0.833,20,0
34,14,0.18,0.02,0.111,0.444,0.556,4,0
2133,2586,2.459,0.0,0.0,1.879,0.956,7,0
672,871,0.533,0.048,0.091,0.614,0.432,0,0
146,3436,0.286,0.0,0.0,0.0,1.0,11,0
572,909,0.614,0.179,0.292,1.112,0.888,3,0
164,229,0.989,0.165,0.167,1.667,0.933,77,0
180,5010423,4.136,0.0,0.0,0.066,1.0,75,0
23,23,0.018,0.008,0.444,0.0,0.889,97,0
1598,934,0.217,0.158,0.73,0.157,0.831,27,0
1949,2358,3.75,0.25,0.067,0.0,0.967,131,0
997,1558,2.195,0.073,0.033,0.556,0.911,0,0
45,1551,0.734,0.0,0.0,0.0,0.923,20,0
541,270,0.446,0.089,0.2,0.667,0.767,34,0
170,212,0.643,0.05,0.078,1.1,0.956,2,0
199,221,0.139,0.003,0.019,1.13,1.0,27,0
29,33,0.688,0.146,0.212,0.258,0.803,0,0
69,161,0.315,0.0,0.0,0.356,0.744,14,0
44,26,0.171,0.049,0.286,0.657,0.771,0,0
789,406,3.913,0.0,0.0,1.978,1.0,138,0
293,369,0.186,0.035,0.189,1.289,0.944,13,0
484,288,0.145,0.037,0.256,1.5,0.778,11,0
92,73,0.052,0.005,0.1,2.1,0.767,23,0
320,122,0.468,0.0,0.0,0.195,0.724,5,0
87,122,0.489,0.067,0.136,0.636,0.591,3,0
235,260,0.091,0.0,0.0,0.0,1.0,0,0
246,336,0.257,0.034,0.133,1.433,0.733,0,0
614,19824,0.378,0.042,0.111,0.4,0.878,0,0
177,402,0.162,0.002,0.011,1.378,0.578,10,0
116,136,0.243,0.022,0.089,1.267,0.833,16,0
987,89798,0.204,0.023,0.111,0.156,0.933,5,0
176,1319047,45.5,0.0,0.0,0.176,1.0,11,0
109,226,0.165,0.0,0.0,0.284,0.716,15,0
241,105,0.05,0.01,0.2,0.2,0.511,13,0
174,120,0.9,0.0,0.0,0.778,0.967,24,0
325,150,0.223,0.017,0.078,1.089,0.667,0,0
130,15570451,0.168,0.052,0.311,0.956,1.0,30,0
54,45,0.067,0.032,0.472,0.5,0.806,6,0
390,503,0.227,0.008,0.033,0.711,0.756,10,0
50,90,0.021,0.005,0.24,0.24,0.36,11,0
216,298,0.207,0.005,0.022,0.494,0.854,0,0
260,308,0.199,0.005,0.023,0.782,0.586,19,0
212,217,0.306,0.003,0.011,1.178,0.933,16,0
363,20286519,0.312,0.003,0.011,1.4,0.933,20,0
380,544,0.095,0.0,0.0,0.702,0.957,8,0
186,140,0.12,0.028,0.233,1.389,0.689,13,0
152,663,0.022,0.0,0.0,0.833,0.5,34,0
193,321,0.065,0.001,0.014,1.623,0.58,7,0
347,2421,0.11,0.0,0.0,0.302,0.581,0,0
182,214,0.076,0.001,0.013,0.533,0.64,5,0
81,27,0.087,0.0,0.0,0.127,0.93,13,0
196,236,0.146,0.024,0.167,0.256,0.711,13,0
237,311,0.209,0.089,0.427,0.326,0.989,24,0
421,565,1.397,0.079,0.057,0.136,0.955,0,0
51,103,0.304,0.02,0.067,0.189,0.733,9,0
164,355,0.164,0.0,0.0,0.389,0.6,4,0
1559,2157,0.789,0.039,0.05,0.2,1.0,36,0
1971,3182,0.065,0.015,0.233,1.233,0.3,0,0
1837,745,0.265,0.006,0.022,2.5,0.711,0,0
1130,645,11.25,0.0,0.0,0.0,1.0,132,0
537,1057,0.375,0.079,0.211,0.333,0.922,22,0
1814,404,1.189,0.405,0.341,0.364,0.455,138,0
1721,1386,0.142,0.079,0.556,1.167,0.678,66,0
1971,495,6.5,0.0,0.0,0.0,1.0,0,0
357,595,0.036,0.003,0.088,0.765,0.588,0,0
336,3129,0.882,0.353,0.4,0.133,0.567,117,0
1527,909,0.259,0.02,0.078,0.6,0.778,0,0
2501,3565,1.024,0.024,0.023,0.069,0.828,0,0
149,1108791,0.308,0.0,0.0,0.0,1.0,0,0
184,284,0.196,0.002,0.011,0.267,0.778,0,0
952,4097,0.108,0.004,0.034,0.864,0.886,0,0
246,9450,0.347,0.0,0.0,1.096,0.885,3,0
280,355678,0.182,0.002,0.011,0.089,0.978,17,0
661,10391,1.0,0.0,0.0,1.011,0.989,37,0
339,272,0.211,0.026,0.124,0.685,0.809,4,0
276,13717,4.333,0.0,0.0,0.956,0.835,10,0
278,296861,4.0,0.75,0.188,0.25,0.938,15,0
503,182788,1.517,0.05,0.033,0.473,0.978,129,0
204,127861,0.882,0.098,0.111,0.811,0.833,13,0
258,1926379,6.667,0.333,0.05,0.0,1.0,139,0
771,228360,4.238,0.476,0.112,0.18,1.0,131,0
676,546813,10.625,0.0,0.0,0.035,1.0,130,0
99,130,0.374,0.0,0.0,0.424,0.576,6,0
357,7874,0.273,0.016,0.057,0.909,0.932,14,0
70,4222,0.202,0.034,0.167,1.256,0.911,4,0
428,264569,1.047,0.919,0.878,1.311,0.933,41,0
444,3404872,9.0,0.4,0.044,0.489,0.967,61,0
1082,71290,7.0,0.846,0.121,0.209,0.989,60,0
288,12042,1.023,0.068,0.067,0.778,0.9,15,0
2465,731,0.305,0.037,0.12,0.08,1.0,131,0
301,1158,2.758,0.121,0.044,0.549,0.923,4,0
144,102116,0.957,0.0,0.0,0.322,0.989,15,0
1775,366,0.758,0.011,0.014,0.0,0.986,128,0
1014,6712,0.492,0.0,0.0,0.125,1.0,20,0
548,128856,8.182,0.0,0.0,0.178,0.689,12,0
151,468521,0.701,0.016,0.022,0.09,0.989,35,0
45,12730,1.154,0.051,0.044,0.244,0.989,130,0
195,2245,0.064,0.0,0.0,0.481,0.963,25,0
273,2461,0.134,0.0,0.0,0.178,0.9,13,0
362,235,0.289,0.013,0.046,0.276,0.908,0,0
1776,1844,0.509,0.0,0.0,0.0,0.914,8,0
148,135,0.827,0.01,0.012,0.733,0.674,6,0
356,1276,18.2,0.2,0.011,0.022,0.945,11,0
198,2403,0.021,0.0,0.0,0.333,0.533,3,0
429,125616,0.173,0.0,0.0,0.2,0.867,2,0
274,163187,1.268,0.0,0.0,0.389,1.0,11,0
226,224152,0.555,0.006,0.011,0.374,0.989,5,0
254,400099,0.106,0.017,0.159,0.443,0.943,66,0
165,126701,0.285,0.044,0.154,0.934,0.967,136,0
353,209553,0.19,0.002,0.011,0.167,0.989,15,0
271,212415,0.268,0.148,0.551,0.101,0.899,33,0
425,169301,0.173,0.004,0.022,0.1,0.967,18,0
172,434923,0.726,0.105,0.144,0.989,1.0,129,0
481,1020724,0.858,0.104,0.121,1.11,0.989,43,0
423,230895,1.655,0.018,0.011,0.473,0.912,7,0
342,195180,0.857,0.038,0.044,0.944,0.989,88,0
1660,496492,1.047,0.0,0.0,0.656,0.856,15,0
199,163600,3.583,0.0,0.0,0.0,1.0,7,0
233,17709,3.957,0.0,0.0,0.0,0.978,4,0
1442,1909,3.37,0.0,0.0,0.0,0.989,66,0
377,1306,1.216,0.014,0.011,0.844,0.944,19,0
142,7826,0.219,0.0,0.0,0.125,0.875,0,0
431,182767,0.826,0.009,0.011,0.711,0.989,0,0
437,191533,1.978,0.022,0.011,0.582,0.945,8,0
299,5490,0.726,0.0,0.0,0.211,0.956,11,0
191,13059,0.892,0.098,0.11,0.352,0.967,123,0
456,2877676,0.728,0.088,0.121,0.473,0.857,0,0
289,2586,0.138,0.0,0.0,0.0,1.0,0,0
299,461176,1.915,0.064,0.033,0.289,0.978,19,0
98,124183,1.213,0.0,0.0,0.473,0.978,3,0
337,277116,1.385,0.169,0.122,0.822,0.933,46,0
535,360669,1.022,0.011,0.011,0.297,0.901,27,0
249,442,0.409,0.018,0.044,4.033,0.956,0,0
296,45107,0.556,0.0,0.0,0.15,0.767,14,0
394,75222,8.182,0.273,0.033,0.511,0.856,6,0
2,77890,15.0,2.0,0.133,0.213,1.0,135,0
428,9008,1.071,0.0,0.0,0.769,0.923,0,0
450,657,0.32,0.0,0.0,0.122,0.944,0,0
162,837,3.333,0.037,0.011,0.4,1.0,14,0
370,35272,0.758,0.025,0.033,0.769,0.934,17,0
1551,19777,3.957,0.0,0.0,0.0,0.0,48,0
413,126650,1.071,0.071,0.067,0.0,0.933,14,0
679,6586,0.346,0.015,0.044,0.4,0.8,0,0
461,26436,1.324,0.088,0.067,0.411,0.956,76,0
316,27210,0.726,0.048,0.067,0.9,0.944,13,0
586,10024,0.363,0.081,0.222,0.444,0.967,54,0
143,251803,8.182,0.364,0.044,0.178,1.0,45,0
776,32857,1.698,0.038,0.022,0.356,0.867,43,0
299,266695,1.338,0.029,0.022,0.802,0.989,24,0
434,105989,5.0,0.056,0.011,0.567,0.956,7,0
349,61467,2.111,0.028,0.013,0.329,0.947,48,0
118,2965,0.289,0.01,0.034,0.225,1.0,25,0
159,1385,0.659,0.007,0.011,0.135,0.989,12,0
69,1677,0.429,0.019,0.044,0.567,0.878,13,0
796,5842381,0.581,0.006,0.011,0.378,0.944,13,0
395,691562,3.5,0.154,0.044,1.165,0.516,14,0
310,10560,1.011,0.0,0.0,0.044,0.989,21,0
824,1697,1.098,0.0,0.0,0.178,0.967,6,0
663,36569503,0.492,0.027,0.056,2.033,0.922,12,0
227,3564749,2.588,1.118,0.432,1.091,1.0,130,0
213,6936638,5.0,0.333,0.067,0.4,0.933,64,0
1472,6433272,1.324,0.074,0.056,2.1,0.989,0,0
334,3331935,3.947,0.105,0.027,0.08,0.987,138,0
8,221839,3.571,0.714,0.2,1.253,0.973,136,0
2831,4692,0.287,0.003,0.011,0.122,0.933,41,0
292,38181,3.64,0.04,0.011,0.022,1.0,76,0
2308,45933,0.687,0.023,0.033,0.1,0.967,5,0
234,16672,0.581,0.039,0.067,0.822,0.344,0,0
377,47245,1.957,0.065,0.033,0.656,0.889,7,0
352,2129,0.162,0.005,0.029,1.971,0.786,0,0
970,6733400,3.75,0.0,0.0,0.022,1.0,134,0
446,79750,5.625,0.0,0.0,0.3,0.989,22,0
164,314,0.654,0.008,0.012,0.776,0.988,19,0
417,271,1.282,0.0,0.0,0.538,1.0,94,0
626,77378,4.333,0.143,0.033,0.67,0.923,12,0
1485,79242,1.894,0.106,0.056,0.787,0.865,21,0
1031,1312,0.128,0.004,0.033,0.167,0.9,7,0
92,241744,1.059,0.012,0.011,0.5,0.867,11,0
64,7,0.118,0.039,0.333,0.0,1.0,78,0
87,13,0.029,0.006,0.222,0.556,1.0,129,0
230,119,0.857,0.01,0.011,0.144,0.944,0,0
305,51,0.116,0.015,0.13,0.389,0.963,0,0
130,57,0.262,0.006,0.024,0.0,0.952,21,0
44,16,1.0,0.0,0.0,0.0,1.0,16,0
72,17,4.0,0.0,0.0,0.0,1.0,0,0
225,2251,1.936,1.936,1.0,0.0,1.0,61,0
297,1403953,0.132,0.004,0.033,1.0,0.983,4,0
1620,4346,0.865,0.25,0.289,1.5,0.667,133,0
1579,76,1.056,0.019,0.018,0.0,0.0,26,0
24,3398,0.203,0.0,0.0,0.286,0.935,14,0
197,1120029,0.357,0.032,0.089,0.178,1.0,22,0
184,1078394,0.827,0.0,0.0,0.374,1.0,29,0
74,7746,0.024,0.0,0.0,0.333,1.0,3,0
353,1289,0.148,0.0,0.0,0.32,1.0,38,0
8,601626,0.083,0.006,0.071,0.119,0.964,0,0
375,1847,0.34,0.019,0.056,1.844,1.0,0,0
1918,1549,0.252,0.004,0.017,3.8,1.0,49,0
1999,14020,0.462,0.005,0.011,2.556,0.978,127,0
139,6031315,0.247,0.0,0.0,0.333,0.989,4,0
173,106,0.246,0.038,0.156,0.744,0.9,15,0
502,1460177,1.525,0.034,0.022,0.133,0.989,40,0
292,688189,2.459,0.162,0.066,0.044,1.0,17,0
246,299,0.207,0.002,0.011,0.618,0.944,0,0
356,73097,1.375,0.094,0.068,0.568,0.727,2,0
277,604,0.135,0.0,0.0,0.6,0.733,16,0
1520,3160617,45.0,1.5,0.033,0.467,1.0,22,0
116,211,0.033,0.0,0.0,0.629,0.829,0,0
33,4543681,1.607,0.054,0.033,0.344,1.0,12,0
18,9753,0.173,0.006,0.033,0.044,0.978,139,0
416,384,0.636,0.114,0.18,0.112,0.921,4,0
211,7535,0.198,0.0,0.0,0.211,0.911,5,0
257,620,0.1,0.0,0.0,0.0,0.857,15,0
51,8369,0.36,0.0,0.0,0.242,0.418,4,0
405,47827,3.214,0.25,0.078,0.378,0.978,35,0
1313,21998,0.292,0.016,0.056,1.511,0.978,13,0
4,39,0.328,0.036,0.111,0.311,1.0,5,0
479,105849,0.431,0.0,0.0,1.835,0.451,1,0
80,1143,0.039,0.006,0.143,0.429,1.0,4,0
680,911364,2.282,0.026,0.011,0.034,0.966,10,0
219,207,0.199,0.0,0.0,0.833,0.9,4,0
36,59,0.061,0.005,0.083,3.667,0.833,2,0
109,505838,1.379,0.091,0.066,0.099,0.945,9,0
632,5854,0.826,0.0,0.0,0.044,1.0,41,0
197,486025,10.0,0.0,0.0,0.0,1.0,27,0
19,1683770,0.387,0.034,0.088,0.22,1.0,18,0
31,2540415,4.0,0.095,0.024,0.071,0.952,9,0
221,102274,0.423,0.028,0.067,0.1,0.967,0,0
785,28843,1.422,0.0,0.0,0.582,1.0,21,0
45,57,0.09,0.05,0.553,0.043,0.894,99,0
203,639,0.199,0.0,0.0,0.9,0.956,29,0
1173,6711,0.191,0.045,0.233,0.333,0.878,31,0
425,1411,0.175,0.0,0.0,0.196,0.922,4,0
255,420,0.125,0.001,0.011,1.167,0.811,0,0
83,7,0.812,0.0,0.0,0.692,0.538,0,0
149,464,0.338,0.327,0.966,0.067,1.0,13,0
503,37,1.0,0.0,0.0,0.0,0.0,131,0
1900,475,5.0,5.0,1.0,0.0,1.0,100,0
508,145,0.892,0.122,0.136,0.0,0.97,87,0
1337,689,0.114,0.005,0.042,1.944,0.958,3,0
219,189,0.178,0.034,0.191,1.202,0.843,0,0
553,8001,1.444,0.0,0.0,0.0,1.0,33,0
79,105,3.033,0.967,0.319,0.198,0.967,36,0
1848,509,6.462,6.462,1.0,0.0,1.0,119,0
1814,474,6.429,6.429,1.0,0.0,1.0,115,0
719,28,1.492,0.0,0.0,0.0,1.0,11,0
1106,51,0.402,0.01,0.026,0.0,0.0,18,0
776,135,0.781,0.202,0.258,0.584,0.798,4,0
58,8,0.182,0.045,0.25,0.0,0.75,17,0
1108,209,0.105,0.026,0.25,0.0,0.5,105,0
1649,486,2.571,2.171,0.844,0.0,0.878,14,0
82,33,1.5,0.017,0.011,1.655,0.931,0,0
322,195,1.667,0.019,0.011,0.733,0.922,2,0
222,43,0.774,0.0,0.0,2.0,0.951,3,0
554,423914,1.083,0.036,0.033,0.835,0.868,16,0
71,112,0.019,0.005,0.267,0.333,0.667,25,0
997,10267,1.698,0.047,0.027,0.0,1.0,38,0
1102,580,1.247,0.178,0.143,0.165,0.923,112,0
219,9,3.0,0.0,0.0,0.0,1.0,26,0
1217,10525,0.273,0.023,0.083,0.5,0.917,100,0
944,331,0.833,0.102,0.122,0.533,0.9,130,0
1282,486,0.968,0.0,0.0,2.4,0.983,139,0
1513,61,0.649,0.0,0.0,0.0,0.0,23,0
1865,2034,2.667,0.0,0.0,0.0,1.0,6,0
57,323,2.528,0.083,0.033,0.0,1.0,4,0
579,10965,4.286,0.19,0.044,0.0,0.956,133,0
791,194,1.542,0.203,0.132,1.033,0.835,0,0
88,68,0.141,0.002,0.015,0.956,0.735,12,0
84,27,0.073,0.024,0.333,1.667,1.0,39,0
191,136,0.11,0.003,0.023,1.784,0.955,0,0
100,142,0.357,0.021,0.06,1.22,0.88,4,0
217,173,0.841,0.019,0.022,0.567,0.889,15,0
276,287,0.148,0.0,0.0,0.573,0.944,14,0
344,3479,3.957,2.696,0.681,0.0,0.978,15,0
986,538,2.395,0.026,0.011,0.681,0.989,0,0
537,494,0.151,0.011,0.07,0.07,0.895,4,0
139,53,0.411,0.005,0.011,0.489,0.967,4,0
613,167,1.216,0.0,0.0,0.278,0.967,22,0
193,72,0.281,0.05,0.178,0.456,0.878,24,0
372,571,0.014,0.0,0.0,1.0,0.909,4,0
230,73,0.124,0.004,0.034,0.159,0.716,0,0
608,392,11.375,0.0,0.0,5.297,0.879,32,0
490,277,0.596,0.007,0.011,5.089,0.9,1,0
139,304,0.056,0.0,0.0,0.742,0.71,4,0
125,47,0.038,0.001,0.023,0.614,0.818,19,0
116,184,1.29,0.0,0.0,0.449,0.697,7,0
402,399,5.294,0.0,0.0,2.789,0.567,4,0
451,413,6.357,0.071,0.011,1.798,0.775,0,0
195,2806,0.701,0.008,0.011,0.551,0.461,16,0
982,327,0.588,0.033,0.056,1.978,0.922,35,0
378,1226,4.045,0.0,0.0,2.876,0.629,9,0
403,373,3.957,0.13,0.033,2.198,0.813,4,0
291,622,7.583,0.0,0.0,2.538,0.967,3,0
632,1395,0.589,0.0,0.0,3.315,0.573,9,0
566,490,1.071,0.0,0.0,2.656,0.733,29,0
878,1058,12.857,0.143,0.011,3.178,0.711,16,0
853,1306,1.023,0.0,0.0,6.461,0.719,113,0
308,314,0.246,0.005,0.022,3.022,0.633,0,0
2116,3283,1.319,0.029,0.022,5.022,0.901,97,0
2296,3320,0.224,0.002,0.011,5.209,0.846,115,0
860,850,3.138,0.103,0.033,5.604,0.692,2,0
249,1863,1.011,0.045,0.044,1.989,0.878,31,0
491,673,1.286,0.086,0.067,1.067,0.656,9,0
1924,2279,1.197,0.0,0.0,4.945,0.769,19,0
956,1217,3.0,0.0,0.0,6.356,0.544,122,0
1464,1647,2.405,0.0,0.0,4.225,0.764,5,0
908,1396,10.286,0.0,0.0,4.181,0.792,120,0
1260,1585,4.136,0.0,0.0,5.967,0.846,130,0
1917,2079,8.273,0.091,0.011,3.835,0.758,127,0
290,266,0.378,0.0,0.0,4.9,0.822,130,0
327,381,0.327,0.0,0.0,6.533,0.489,120,0
374,486,0.224,0.005,0.022,4.077,0.868,9,0
494,862,1.035,0.012,0.011,3.307,0.909,4,0
1961,2751,1.875,0.021,0.011,5.556,0.811,34,0
391,552,1.309,0.0,0.0,2.708,0.82,2,0
1174,2577,0.355,0.0,0.0,5.473,0.967,0,0
2008,1234,0.222,0.0,0.0,4.758,0.769,18,0
122,343,0.508,0.0,0.0,3.233,0.867,0,0
311,1097,0.5,0.006,0.011,5.622,0.711,4,0
480,761,1.667,0.019,0.011,5.889,0.867,127,0
857,931,0.5,0.011,0.022,5.622,0.7,29,0
2537,3788,0.278,0.003,0.011,7.622,0.811,113,0
543,672,0.487,0.0,0.0,5.346,0.821,125,0
943,1985,3.103,0.0,0.0,2.489,0.433,40,0
466,969,0.622,0.007,0.011,3.753,0.674,28,0
391,386,1.087,0.013,0.011,4.391,0.747,26,0
548,611,0.225,0.0,0.0,5.82,0.573,2,0
501,655,2.528,0.056,0.022,3.769,0.89,18,0
786,3665,0.244,0.0,0.0,5.3,0.722,97,0
927,543,3.792,0.0,0.0,5.143,0.857,23,0
1179,979,1.429,0.016,0.011,5.022,0.678,111,0
282,320,0.242,0.0,0.0,3.945,0.769,26,0
769,543,3.957,0.043,0.011,4.198,0.923,1,0
379,1373,0.345,0.057,0.167,0.389,0.822,4,0
1046,1470,1.579,0.018,0.011,5.556,0.656,121,0
554,754,0.048,0.003,0.059,4.941,0.706,115,0
1769,733,0.464,0.01,0.022,2.256,0.911,0,0
764,847,2.25,0.3,0.133,4.656,0.744,45,0
511,555,0.448,0.005,0.011,3.402,0.954,2,0
695,1031,2.528,0.028,0.011,6.0,0.648,98,0
595,741,2.275,0.05,0.022,4.703,0.879,5,0
840,1374,0.208,0.012,0.056,0.578,0.978,7,0
1974,2268,7.583,0.0,0.0,4.637,0.813,8,0
299,484,0.452,0.015,0.033,2.744,0.922,3,0
777,1102,0.659,0.015,0.022,4.82,0.697,118,0
716,1108,2.727,0.03,0.011,2.489,0.689,7,0
264,627,1.406,0.0,0.0,5.278,0.811,0,0
1068,536,3.103,0.069,0.022,4.956,0.767,0,0
111,203,2.045,0.0,0.0,4.344,0.944,0,0
299,1066,0.763,0.018,0.023,4.253,0.816,115,0
875,921,3.792,0.125,0.033,3.143,0.846,2,0
180,273,0.479,0.005,0.011,5.7,0.822,19,0
196,208,0.304,0.024,0.078,1.267,0.7,6,0
352,466,0.422,0.014,0.034,2.0,0.798,5,0
999,1220,0.947,0.0,0.0,3.778,0.9,0,0
264,327,4.136,0.045,0.011,3.978,0.802,76,0
170,433,0.237,0.0,0.0,2.14,0.535,13,0
779,999,5.733,0.067,0.012,2.93,0.919,7,0
324,610,1.596,0.018,0.011,1.791,0.681,8,0
183,293,0.484,0.043,0.09,3.921,0.91,8,0
932,5329,2.22,0.073,0.033,0.67,0.967,3,0
174,290,1.579,0.018,0.011,1.544,0.8,12,0
921,2835,1.167,0.0,0.0,2.363,0.89,15,0
124,239,1.381,0.0,0.0,1.368,0.759,8,0
401,563,2.571,0.486,0.189,4.6,0.689,46,0
557,1833,3.818,0.182,0.048,2.524,0.905,6,0
599,2902,3.957,0.043,0.011,2.945,0.835,10,0
241,271,3.739,0.043,0.012,1.884,0.779,11,0
542,762,1.385,0.046,0.033,3.444,0.789,29,0
1891,2041,0.677,0.008,0.011,5.478,0.789,2,0
1470,805,4.238,0.095,0.022,2.674,0.831,1,0
498,2204,1.56,0.02,0.013,4.513,0.692,10,0
600,366,13.0,0.0,0.0,5.824,0.824,35,0
372,589,0.239,0.0,0.0,4.247,0.596,125,0
1021,1264,1.254,0.014,0.011,0.955,0.427,0,0
401,449,2.528,0.0,0.0,3.967,0.703,5,0
383,749,3.37,0.0,0.0,3.033,0.549,6,0
1105,1467,2.5,1.033,0.413,0.027,0.907,24,0
39,413,0.145,0.0,0.0,0.7,1.0,3,0
376,987,0.273,0.104,0.381,0.429,0.857,6,0
1633,2901,1.212,0.076,0.062,0.212,0.938,7,0
1876,13577,11.375,1.25,0.11,0.714,0.989,19,0
1099,440,1.0,1.0,1.0,0.0,1.0,24,0
169,3195,0.654,0.022,0.034,0.202,0.798,6,0
201,746,0.403,0.0,0.0,0.31,0.793,17,0
657,929,2.093,0.0,0.0,1.2,0.9,18,0
350,865,0.318,0.034,0.107,0.143,0.929,53,0
78,6124,1.197,0.039,0.033,2.088,0.89,4,0
489,2057,1.084,0.012,0.011,0.144,0.656,4,0
354,482,11.25,11.125,0.989,1.889,1.0,49,0
11,516,0.012,0.0,0.0,0.286,1.0,10,0
235,2428,1.0,0.244,0.244,0.356,0.844,10,0
199,687,1.338,0.044,0.033,1.011,1.0,0,0
966,641,1.127,0.038,0.034,0.303,0.843,20,0
1268,2854,1.542,0.475,0.308,0.066,0.901,18,0
1316,8308,15.0,0.5,0.033,0.0,1.0,20,0
2500,13613,6.5,0.071,0.011,0.099,0.989,120,0
1671,8354,2.571,0.0,0.0,0.167,0.667,0,0
1000,1147,0.708,0.01,0.015,0.412,0.941,2,0
628,3669,9.889,1.444,0.146,0.236,0.899,47,0
1973,3214,0.832,0.065,0.079,0.382,0.831,5,0
944,49932,5.118,1.471,0.287,0.0,1.0,131,0
1937,6742,3.6,0.48,0.133,0.0,0.856,4,0
92,832,1.655,0.036,0.022,1.352,0.714,5,0
1162,3149,0.347,0.039,0.111,0.422,0.656,4,0
1902,5854,0.35,0.114,0.326,0.244,0.791,56,0
1922,3062,0.088,0.012,0.133,0.311,0.778,4,0
2362,9438,7.0,1.615,0.231,0.143,0.989,38,0
1668,6071,0.738,0.107,0.144,0.867,0.733,0,0
1565,1648,2.045,0.159,0.078,0.111,0.989,131,0
2398,13563,0.206,0.146,0.711,0.2,0.978,3,0
2905,61545,6.5,4.429,0.681,0.264,0.989,4,0
318,1593,9.1,0.0,0.0,0.165,0.901,0,0
1294,22189,9.1,0.3,0.033,0.22,0.89,4,0
1101,11457,7.0,0.769,0.11,0.022,0.989,7,0
2001,2459,2.195,0.171,0.078,0.267,0.944,8,0
159,1089,0.047,0.002,0.04,0.28,0.96,15,0
250,1075,0.149,0.013,0.089,0.189,0.444,14,0
1052,3285,3.259,3.148,0.966,0.023,0.943,51,0
254,3296,1.154,0.218,0.189,0.044,0.989,51,0
12,8267,0.273,0.015,0.056,0.0,0.922,138,0
1927,8715,11.375,0.0,0.0,0.308,0.769,0,0
1463,26984,1.422,0.312,0.22,0.286,0.978,24,0
1725,23008,1.135,0.231,0.203,0.0,1.0,50,0
2943,25410,1.655,0.073,0.044,0.11,0.967,28,0
491,8379,0.22,0.0,0.0,0.0,0.943,3,0
1985,17546,0.657,0.044,0.067,0.344,0.889,10,0
2960,4780,12.857,0.143,0.011,0.322,0.911,0,0
1309,3842,1.151,0.479,0.417,0.214,0.881,79,0
34,267,0.097,0.008,0.083,0.333,1.0,20,0
543,240,1.452,0.242,0.167,0.389,0.856,14,0
596,844,11.375,0.5,0.044,0.429,0.945,9,0
2948,5628,1.596,0.14,0.088,0.11,1.0,55,0
50,6455,1.607,0.036,0.022,1.378,1.0,5,0
239,219,0.192,0.005,0.026,0.763,1.0,0,0
765,11896,2.727,0.091,0.033,0.067,0.933,131,0
94,199,0.031,0.008,0.25,0.208,0.583,15,0
133,371,1.286,0.0,0.0,0.467,0.956,4,0
2467,7287,1.517,0.328,0.216,0.511,0.75,3,0
108,609,0.326,0.011,0.033,0.333,1.0,7,0
344,412,3.792,3.792,1.0,0.0,0.879,13,0
134,262,1.083,0.071,0.066,0.385,0.89,9,0
1744,500,1.745,0.098,0.056,0.36,0.944,0,0
1334,605,5.312,0.312,0.059,1.341,0.918,131,0
2,1128,5.75,0.0,0.0,0.109,0.957,88,0
110,255,0.892,0.0,0.0,0.198,0.648,15,0
1966,196,0.887,0.052,0.058,0.186,1.0,10,0
216,219,0.098,0.001,0.015,1.881,0.657,7,0
220,72,0.192,0.011,0.056,0.067,0.733,3,0
47,26,0.104,0.017,0.167,0.0,1.0,0,0
280,265,0.474,0.005,0.011,0.967,0.978,0,0
516,277,0.156,0.03,0.189,0.578,0.878,9,0
265,178,0.046,0.002,0.051,0.59,0.974,0,0
111,60,0.027,0.014,0.529,0.118,1.0,91,0
167,3855,0.143,0.0,0.0,0.078,1.0,11,0
97,82,0.04,0.003,0.079,0.211,0.763,0,0
126,318,0.189,0.0,0.0,0.611,0.589,24,0
191,751,0.709,0.024,0.033,0.378,0.967,2,0
2463,3935,0.784,0.0,0.0,0.165,0.978,49,0
438,523,0.04,0.0,0.0,0.172,0.69,4,0
269,869,0.312,0.006,0.021,0.979,1.0,2,0
161,41285,0.209,0.007,0.033,0.099,0.967,50,0
151,84,0.462,0.005,0.011,0.822,0.833,0,0
1501,56,3.045,0.0,0.0,0.0,1.0,78,0
372,55974,0.267,0.006,0.022,1.256,0.978,87,0
513,154376,0.251,0.006,0.022,0.187,0.901,10,0
547,74711,0.336,0.004,0.011,0.344,0.9,4,0
238,1174,0.064,0.0,0.0,0.067,0.956,8,0
306,1923,0.259,0.006,0.023,0.67,0.83,24,0
178,2391,0.099,0.0,0.0,0.457,0.8,0,0
408,2025,0.371,0.008,0.022,0.326,0.944,5,0
183,159,0.096,0.0,0.0,0.148,0.907,0,0
115,104,0.015,0.0,0.0,0.0,1.0,14,0
525,386057,0.32,0.0,0.0,0.611,0.844,16,0
78,24,0.8,0.2,0.25,0.5,1.0,8,0
102,83,0.122,0.064,0.522,0.244,1.0,18,0
139,1401,0.184,0.003,0.018,0.357,1.0,5,0
88,1520,0.039,0.004,0.114,0.343,0.943,11,0
115,42765,0.645,0.0,0.0,0.1,0.85,8,0
801,40239,0.26,0.0,0.0,1.333,0.9,3,0
202,10253,0.38,0.004,0.011,0.978,0.966,0,0
517,1314,0.014,0.0,0.0,0.733,0.933,0,0
369,1009,0.52,0.0,0.0,1.156,0.833,0,0
308,3128,0.304,0.131,0.432,0.727,0.955,32,0
379,2302,0.042,0.002,0.057,0.429,0.971,4,0
155,1168163,3.5,0.0,0.0,0.198,0.967,14,0
23,2651889,11.25,0.0,0.0,0.322,1.0,3,0
7,1959833,1.8,0.02,0.011,0.467,0.989,19,0
199,1267,0.989,0.022,0.022,0.489,1.0,13,0
194,80640,0.947,0.053,0.056,0.733,0.989,136,0
302,47830,2.395,0.0,0.0,0.231,0.934,3,0
155,4592470,0.506,0.0,0.0,0.143,1.0,11,0
1144,1297,3.64,0.04,0.011,0.791,1.0,15,0
2616,217858,0.791,0.018,0.023,0.057,1.0,0,0
96,33354,0.938,0.031,0.033,0.066,0.945,0,0
598,9057,6.923,0.154,0.022,0.7,0.967,3,0
253,100639,0.989,0.056,0.056,0.82,0.933,12,0
486,3048,1.936,0.0,0.0,0.088,1.0,9,0
108,9230,0.779,0.026,0.033,0.633,1.0,57,0
204,24382,1.731,0.115,0.067,0.178,0.956,132,0
3000,51134,3.913,0.565,0.144,1.511,0.778,0,0
248,87645,1.058,0.035,0.033,0.11,0.978,8,0
987,196768,1.463,0.0,0.0,0.6,1.0,11,0
2000,518780,0.207,0.011,0.053,0.026,1.0,48,0
88,5321,0.492,0.005,0.011,0.256,1.0,4,0
1985,282868,11.25,3.125,0.278,0.833,1.0,128,0
358,14620,0.285,0.0,0.0,0.8,1.0,13,0
373,872,0.489,0.0,0.0,2.167,0.956,0,0
230,23020,0.419,0.0,0.0,0.178,0.978,13,0
660,17121,0.581,0.039,0.067,0.489,0.956,10,0
493,1574,0.566,0.0,0.0,0.022,0.989,4,0
430,909,1.319,0.072,0.055,0.615,0.835,4,0
1558,10528,3.708,0.042,0.011,0.0,1.0,45,0
418,558,3.5,0.462,0.132,0.055,0.967,18,0
189,55,0.077,0.036,0.468,0.273,0.779,12,0
31,74,0.224,0.002,0.011,1.022,0.922,9,0
457,572,2.116,0.093,0.044,2.22,0.835,25,0
189,902,0.804,0.018,0.022,1.411,0.744,12,0
1028,5400,0.473,0.075,0.159,0.955,0.955,31,0
408,17104,0.156,0.003,0.022,0.667,0.989,4,0
123,985,1.319,0.0,0.0,0.681,0.923,0,0
1088,2766,0.246,0.011,0.044,0.167,0.989,18,0
447,541,0.5,0.006,0.011,0.822,0.933,3,0
801,1669,0.536,0.405,0.756,1.556,0.989,67,0
130,208,0.407,0.009,0.022,0.8,0.822,12,0
1682,66,0.381,0.0,0.0,0.0,0.0,86,0
272,473,0.429,0.005,0.011,0.533,0.944,0,0
1071,62,0.253,0.0,0.0,0.0,1.0,109,0
332,473,1.23,0.0,0.0,0.33,0.835,4,0
373,374,0.22,0.008,0.037,1.337,0.9,5,0
244,174,0.076,0.03,0.392,0.189,0.338,0,0
284,5863734,0.259,0.0,0.0,0.322,1.0,8,0
282,8428140,0.469,0.01,0.022,0.6,0.933,8,0
537,1260398,0.559,0.006,0.011,0.622,0.967,8,0
428,7263180,0.398,0.0,0.0,0.333,0.867,15,0
419,2627472,0.636,0.007,0.011,0.374,0.945,0,0
416,2480,0.826,0.037,0.044,0.389,0.944,19,0
439,915,0.6,0.0,0.0,1.622,0.822,6,0
189,395,0.597,0.0,0.0,1.048,0.976,3,0
270,282,0.175,0.004,0.022,1.622,0.756,29,0
318,349,0.101,0.002,0.023,1.932,0.932,14,0
220,381,0.197,0.0,0.0,1.022,0.899,3,0
538,610,0.391,0.004,0.011,0.389,0.967,2,0
448,633,0.086,0.0,0.0,0.441,0.949,17,0
564,518,0.425,0.014,0.033,1.278,0.867,3,0
264,47,0.35,0.25,0.714,0.0,0.714,4,0
264,754836,0.52,0.012,0.022,0.222,1.0,28,0
592,675,1.364,0.0,0.0,1.056,0.9,0,0
383,399,0.578,0.006,0.011,2.36,0.888,0,0
570,10919675,1.5,0.0,0.0,0.9,0.767,17,0
13,34624995,0.096,0.002,0.022,0.133,0.933,7,0
308,481,1.024,0.024,0.023,1.253,0.966,3,0
213,178,0.214,0.04,0.189,0.4,0.911,4,0
124,999,0.318,0.004,0.011,0.633,0.844,0,0
1683,685,0.612,0.007,0.011,2.178,0.889,0,0
1662,768,0.616,0.014,0.022,2.967,0.856,0,0
107,62,0.244,0.01,0.043,1.771,0.9,11,0
30,110179,0.783,0.0,0.0,0.0,1.0,24,0
421,499,0.243,0.008,0.034,2.146,0.944,0,0
89,26,0.015,0.003,0.214,1.5,0.857,0,0
230,98,0.276,0.019,0.067,0.157,0.966,2,0
871,2937,0.9,0.02,0.022,1.056,0.789,2,0
993,1684,0.326,0.011,0.033,1.233,0.8,5,0
412,488,0.332,0.004,0.012,0.556,0.951,0,0
319,378553,9.0,0.1,0.011,0.0,1.0,136,0
319,1094949,3.75,0.125,0.033,2.7,1.0,134,0
58,629,0.096,0.007,0.071,0.5,1.0,0,0
97,107,0.11,0.0,0.0,0.143,0.929,0,0
178,201,0.16,0.002,0.011,0.256,0.911,12,0
44,67,0.097,0.004,0.044,0.078,0.378,8,0
1017,418,6.429,5.571,0.867,0.022,0.9,54,0
426,322,0.726,0.016,0.022,0.667,0.878,4,0
145,142,0.029,0.002,0.067,0.867,0.933,6,0
146,60,0.323,0.0,0.0,1.333,0.889,17,0
121,205,0.054,0.006,0.117,0.767,0.95,16,0
147,234,0.5,0.011,0.022,0.411,1.0,12,0
143,100,0.263,0.018,0.067,0.573,0.82,2,0
351,189,0.158,0.011,0.067,1.356,0.878,0,0
737,157,0.451,0.033,0.073,0.327,0.818,0,0
1127,3460,0.075,0.008,0.109,1.127,0.727,0,0
305,251447,20.0,16.667,0.833,0.067,0.817,132,0
1985,1800,6.214,0.0,0.0,0.517,0.897,2,0
168,1748077,1.896,0.021,0.011,0.044,0.989,17,0
397,906965,1.607,0.232,0.144,0.333,1.0,11,0
40,347677,1.731,0.038,0.022,0.044,0.944,21,0
499,225670,1.5,0.067,0.044,0.311,1.0,4,0
399,19964155,0.216,0.007,0.033,0.367,1.0,9,0
146,1203770,1.182,0.013,0.011,0.033,1.0,10,0
209,17259741,1.957,0.0,0.0,0.622,0.956,137,0
714,5785359,0.484,0.0,0.0,2.0,0.933,66,0
277,3233111,6.429,0.286,0.044,0.644,0.833,23,0
267,7256303,0.146,0.032,0.222,1.289,0.789,14,0
747,3918168,1.364,0.091,0.067,2.133,0.867,27,0
781,2438439,2.6,0.714,0.275,1.154,0.934,39,0
111,289505,15.0,0.167,0.011,0.0,1.0,9,0
0,506288,0.167,0.006,0.033,0.154,0.989,19,0
145,3688225,1.406,0.0,0.0,0.833,0.911,11,0
881,50683,1.297,0.031,0.024,1.711,1.0,138,0
312,45374552,5.0,0.056,0.011,0.167,1.0,138,0
728,17590139,2.308,0.038,0.017,0.167,1.0,136,0
446,4051343,0.682,0.0,0.0,0.0,0.867,9,0
0,548320,11.25,0.0,0.0,0.822,0.933,11,0
227,3548605,0.121,0.007,0.056,0.596,0.966,0,0
1081,3151988,0.197,0.002,0.011,2.264,0.989,5,0
88,7712,0.314,0.0,0.0,0.0,1.0,12,0
103,211232,0.333,0.0,0.0,0.286,1.0,20,0
275,2392955,0.27,0.003,0.011,1.626,0.769,24,0
17,5698360,8.8,0.3,0.034,0.239,0.716,11,0
167,25239554,13.5,0.0,0.0,0.667,0.704,6,0
722,9909759,2.727,0.0,0.0,0.2,1.0,9,0
729,6669775,2.116,0.302,0.143,1.0,0.923,29,0
